# m[MeV] , R, Q
1.00000e-03, 3, 1.00000e-11
1.00000e-03, 3, 1.38950e-11
1.00000e-03, 3, 1.93070e-11
1.00000e-03, 3, 2.68270e-11
1.00000e-03, 3, 3.72759e-11
1.00000e-03, 3, 5.17947e-11
1.00000e-03, 3, 7.19686e-11
1.00000e-03, 3, 1.00000e-10
1.00000e-03, 3, 1.38950e-10
1.00000e-03, 3, 1.93070e-10
1.00000e-03, 3, 2.68270e-10
1.00000e-03, 3, 3.72759e-10
1.00000e-03, 3, 5.17947e-10
1.00000e-03, 3, 7.19686e-10
1.00000e-03, 3, 1.00000e-09
1.00000e-03, 3, 1.38950e-09
1.00000e-03, 3, 1.93070e-09
1.00000e-03, 3, 2.68270e-09
1.00000e-03, 3, 3.72759e-09
1.00000e-03, 3, 5.17947e-09
1.00000e-03, 3, 7.19686e-09
1.00000e-03, 3, 1.00000e-08
1.00000e-03, 3, 1.38950e-08
1.00000e-03, 3, 1.93070e-08
1.00000e-03, 3, 2.68270e-08
1.00000e-03, 3, 3.72759e-08
1.00000e-03, 3, 5.17947e-08
1.00000e-03, 3, 7.19686e-08
1.00000e-03, 3, 1.00000e-07
1.00000e-03, 3, 1.38950e-07
1.00000e-03, 3, 1.93070e-07
1.00000e-03, 3, 2.68270e-07
1.00000e-03, 3, 3.72759e-07
1.00000e-03, 3, 5.17947e-07
1.00000e-03, 3, 7.19686e-07
1.00000e-03, 3, 1.00000e-06
1.00000e-03, 3, 1.38950e-06
1.00000e-03, 3, 1.93070e-06
1.00000e-03, 3, 2.68270e-06
1.00000e-03, 3, 3.72759e-06
1.00000e-03, 3, 5.17947e-06
1.00000e-03, 3, 7.19686e-06
1.00000e-03, 3, 1.00000e-05
1.00000e-03, 3, 1.38950e-05
1.00000e-03, 3, 1.93070e-05
1.00000e-03, 3, 2.68270e-05
1.00000e-03, 3, 3.72759e-05
1.00000e-03, 3, 5.17947e-05
1.00000e-03, 3, 7.19686e-05
1.00000e-03, 3, 1.00000e-04
1.32571e-03, 3, 1.00000e-11
1.32571e-03, 3, 1.38950e-11
1.32571e-03, 3, 1.93070e-11
1.32571e-03, 3, 2.68270e-11
1.32571e-03, 3, 3.72759e-11
1.32571e-03, 3, 5.17947e-11
1.32571e-03, 3, 7.19686e-11
1.32571e-03, 3, 1.00000e-10
1.32571e-03, 3, 1.38950e-10
1.32571e-03, 3, 1.93070e-10
1.32571e-03, 3, 2.68270e-10
1.32571e-03, 3, 3.72759e-10
1.32571e-03, 3, 5.17947e-10
1.32571e-03, 3, 7.19686e-10
1.32571e-03, 3, 1.00000e-09
1.32571e-03, 3, 1.38950e-09
1.32571e-03, 3, 1.93070e-09
1.32571e-03, 3, 2.68270e-09
1.32571e-03, 3, 3.72759e-09
1.32571e-03, 3, 5.17947e-09
1.32571e-03, 3, 7.19686e-09
1.32571e-03, 3, 1.00000e-08
1.32571e-03, 3, 1.38950e-08
1.32571e-03, 3, 1.93070e-08
1.32571e-03, 3, 2.68270e-08
1.32571e-03, 3, 3.72759e-08
1.32571e-03, 3, 5.17947e-08
1.32571e-03, 3, 7.19686e-08
1.32571e-03, 3, 1.00000e-07
1.32571e-03, 3, 1.38950e-07
1.32571e-03, 3, 1.93070e-07
1.32571e-03, 3, 2.68270e-07
1.32571e-03, 3, 3.72759e-07
1.32571e-03, 3, 5.17947e-07
1.32571e-03, 3, 7.19686e-07
1.32571e-03, 3, 1.00000e-06
1.32571e-03, 3, 1.38950e-06
1.32571e-03, 3, 1.93070e-06
1.32571e-03, 3, 2.68270e-06
1.32571e-03, 3, 3.72759e-06
1.32571e-03, 3, 5.17947e-06
1.32571e-03, 3, 7.19686e-06
1.32571e-03, 3, 1.00000e-05
1.32571e-03, 3, 1.38950e-05
1.32571e-03, 3, 1.93070e-05
1.32571e-03, 3, 2.68270e-05
1.32571e-03, 3, 3.72759e-05
1.32571e-03, 3, 5.17947e-05
1.32571e-03, 3, 7.19686e-05
1.32571e-03, 3, 1.00000e-04
1.75751e-03, 3, 1.00000e-11
1.75751e-03, 3, 1.38950e-11
1.75751e-03, 3, 1.93070e-11
1.75751e-03, 3, 2.68270e-11
1.75751e-03, 3, 3.72759e-11
1.75751e-03, 3, 5.17947e-11
1.75751e-03, 3, 7.19686e-11
1.75751e-03, 3, 1.00000e-10
1.75751e-03, 3, 1.38950e-10
1.75751e-03, 3, 1.93070e-10
1.75751e-03, 3, 2.68270e-10
1.75751e-03, 3, 3.72759e-10
1.75751e-03, 3, 5.17947e-10
1.75751e-03, 3, 7.19686e-10
1.75751e-03, 3, 1.00000e-09
1.75751e-03, 3, 1.38950e-09
1.75751e-03, 3, 1.93070e-09
1.75751e-03, 3, 2.68270e-09
1.75751e-03, 3, 3.72759e-09
1.75751e-03, 3, 5.17947e-09
1.75751e-03, 3, 7.19686e-09
1.75751e-03, 3, 1.00000e-08
1.75751e-03, 3, 1.38950e-08
1.75751e-03, 3, 1.93070e-08
1.75751e-03, 3, 2.68270e-08
1.75751e-03, 3, 3.72759e-08
1.75751e-03, 3, 5.17947e-08
1.75751e-03, 3, 7.19686e-08
1.75751e-03, 3, 1.00000e-07
1.75751e-03, 3, 1.38950e-07
1.75751e-03, 3, 1.93070e-07
1.75751e-03, 3, 2.68270e-07
1.75751e-03, 3, 3.72759e-07
1.75751e-03, 3, 5.17947e-07
1.75751e-03, 3, 7.19686e-07
1.75751e-03, 3, 1.00000e-06
1.75751e-03, 3, 1.38950e-06
1.75751e-03, 3, 1.93070e-06
1.75751e-03, 3, 2.68270e-06
1.75751e-03, 3, 3.72759e-06
1.75751e-03, 3, 5.17947e-06
1.75751e-03, 3, 7.19686e-06
1.75751e-03, 3, 1.00000e-05
1.75751e-03, 3, 1.38950e-05
1.75751e-03, 3, 1.93070e-05
1.75751e-03, 3, 2.68270e-05
1.75751e-03, 3, 3.72759e-05
1.75751e-03, 3, 5.17947e-05
1.75751e-03, 3, 7.19686e-05
1.75751e-03, 3, 1.00000e-04
2.32995e-03, 3, 1.00000e-11
2.32995e-03, 3, 1.38950e-11
2.32995e-03, 3, 1.93070e-11
2.32995e-03, 3, 2.68270e-11
2.32995e-03, 3, 3.72759e-11
2.32995e-03, 3, 5.17947e-11
2.32995e-03, 3, 7.19686e-11
2.32995e-03, 3, 1.00000e-10
2.32995e-03, 3, 1.38950e-10
2.32995e-03, 3, 1.93070e-10
2.32995e-03, 3, 2.68270e-10
2.32995e-03, 3, 3.72759e-10
2.32995e-03, 3, 5.17947e-10
2.32995e-03, 3, 7.19686e-10
2.32995e-03, 3, 1.00000e-09
2.32995e-03, 3, 1.38950e-09
2.32995e-03, 3, 1.93070e-09
2.32995e-03, 3, 2.68270e-09
2.32995e-03, 3, 3.72759e-09
2.32995e-03, 3, 5.17947e-09
2.32995e-03, 3, 7.19686e-09
2.32995e-03, 3, 1.00000e-08
2.32995e-03, 3, 1.38950e-08
2.32995e-03, 3, 1.93070e-08
2.32995e-03, 3, 2.68270e-08
2.32995e-03, 3, 3.72759e-08
2.32995e-03, 3, 5.17947e-08
2.32995e-03, 3, 7.19686e-08
2.32995e-03, 3, 1.00000e-07
2.32995e-03, 3, 1.38950e-07
2.32995e-03, 3, 1.93070e-07
2.32995e-03, 3, 2.68270e-07
2.32995e-03, 3, 3.72759e-07
2.32995e-03, 3, 5.17947e-07
2.32995e-03, 3, 7.19686e-07
2.32995e-03, 3, 1.00000e-06
2.32995e-03, 3, 1.38950e-06
2.32995e-03, 3, 1.93070e-06
2.32995e-03, 3, 2.68270e-06
2.32995e-03, 3, 3.72759e-06
2.32995e-03, 3, 5.17947e-06
2.32995e-03, 3, 7.19686e-06
2.32995e-03, 3, 1.00000e-05
2.32995e-03, 3, 1.38950e-05
2.32995e-03, 3, 1.93070e-05
2.32995e-03, 3, 2.68270e-05
2.32995e-03, 3, 3.72759e-05
2.32995e-03, 3, 5.17947e-05
2.32995e-03, 3, 7.19686e-05
2.32995e-03, 3, 1.00000e-04
3.08884e-03, 3, 1.00000e-11
3.08884e-03, 3, 1.38950e-11
3.08884e-03, 3, 1.93070e-11
3.08884e-03, 3, 2.68270e-11
3.08884e-03, 3, 3.72759e-11
3.08884e-03, 3, 5.17947e-11
3.08884e-03, 3, 7.19686e-11
3.08884e-03, 3, 1.00000e-10
3.08884e-03, 3, 1.38950e-10
3.08884e-03, 3, 1.93070e-10
3.08884e-03, 3, 2.68270e-10
3.08884e-03, 3, 3.72759e-10
3.08884e-03, 3, 5.17947e-10
3.08884e-03, 3, 7.19686e-10
3.08884e-03, 3, 1.00000e-09
3.08884e-03, 3, 1.38950e-09
3.08884e-03, 3, 1.93070e-09
3.08884e-03, 3, 2.68270e-09
3.08884e-03, 3, 3.72759e-09
3.08884e-03, 3, 5.17947e-09
3.08884e-03, 3, 7.19686e-09
3.08884e-03, 3, 1.00000e-08
3.08884e-03, 3, 1.38950e-08
3.08884e-03, 3, 1.93070e-08
3.08884e-03, 3, 2.68270e-08
3.08884e-03, 3, 3.72759e-08
3.08884e-03, 3, 5.17947e-08
3.08884e-03, 3, 7.19686e-08
3.08884e-03, 3, 1.00000e-07
3.08884e-03, 3, 1.38950e-07
3.08884e-03, 3, 1.93070e-07
3.08884e-03, 3, 2.68270e-07
3.08884e-03, 3, 3.72759e-07
3.08884e-03, 3, 5.17947e-07
3.08884e-03, 3, 7.19686e-07
3.08884e-03, 3, 1.00000e-06
3.08884e-03, 3, 1.38950e-06
3.08884e-03, 3, 1.93070e-06
3.08884e-03, 3, 2.68270e-06
3.08884e-03, 3, 3.72759e-06
3.08884e-03, 3, 5.17947e-06
3.08884e-03, 3, 7.19686e-06
3.08884e-03, 3, 1.00000e-05
3.08884e-03, 3, 1.38950e-05
3.08884e-03, 3, 1.93070e-05
3.08884e-03, 3, 2.68270e-05
3.08884e-03, 3, 3.72759e-05
3.08884e-03, 3, 5.17947e-05
3.08884e-03, 3, 7.19686e-05
3.08884e-03, 3, 1.00000e-04
4.09492e-03, 3, 1.00000e-11
4.09492e-03, 3, 1.38950e-11
4.09492e-03, 3, 1.93070e-11
4.09492e-03, 3, 2.68270e-11
4.09492e-03, 3, 3.72759e-11
4.09492e-03, 3, 5.17947e-11
4.09492e-03, 3, 7.19686e-11
4.09492e-03, 3, 1.00000e-10
4.09492e-03, 3, 1.38950e-10
4.09492e-03, 3, 1.93070e-10
4.09492e-03, 3, 2.68270e-10
4.09492e-03, 3, 3.72759e-10
4.09492e-03, 3, 5.17947e-10
4.09492e-03, 3, 7.19686e-10
4.09492e-03, 3, 1.00000e-09
4.09492e-03, 3, 1.38950e-09
4.09492e-03, 3, 1.93070e-09
4.09492e-03, 3, 2.68270e-09
4.09492e-03, 3, 3.72759e-09
4.09492e-03, 3, 5.17947e-09
4.09492e-03, 3, 7.19686e-09
4.09492e-03, 3, 1.00000e-08
4.09492e-03, 3, 1.38950e-08
4.09492e-03, 3, 1.93070e-08
4.09492e-03, 3, 2.68270e-08
4.09492e-03, 3, 3.72759e-08
4.09492e-03, 3, 5.17947e-08
4.09492e-03, 3, 7.19686e-08
4.09492e-03, 3, 1.00000e-07
4.09492e-03, 3, 1.38950e-07
4.09492e-03, 3, 1.93070e-07
4.09492e-03, 3, 2.68270e-07
4.09492e-03, 3, 3.72759e-07
4.09492e-03, 3, 5.17947e-07
4.09492e-03, 3, 7.19686e-07
4.09492e-03, 3, 1.00000e-06
4.09492e-03, 3, 1.38950e-06
4.09492e-03, 3, 1.93070e-06
4.09492e-03, 3, 2.68270e-06
4.09492e-03, 3, 3.72759e-06
4.09492e-03, 3, 5.17947e-06
4.09492e-03, 3, 7.19686e-06
4.09492e-03, 3, 1.00000e-05
4.09492e-03, 3, 1.38950e-05
4.09492e-03, 3, 1.93070e-05
4.09492e-03, 3, 2.68270e-05
4.09492e-03, 3, 3.72759e-05
4.09492e-03, 3, 5.17947e-05
4.09492e-03, 3, 7.19686e-05
4.09492e-03, 3, 1.00000e-04
5.42868e-03, 3, 1.00000e-11
5.42868e-03, 3, 1.38950e-11
5.42868e-03, 3, 1.93070e-11
5.42868e-03, 3, 2.68270e-11
5.42868e-03, 3, 3.72759e-11
5.42868e-03, 3, 5.17947e-11
5.42868e-03, 3, 7.19686e-11
5.42868e-03, 3, 1.00000e-10
5.42868e-03, 3, 1.38950e-10
5.42868e-03, 3, 1.93070e-10
5.42868e-03, 3, 2.68270e-10
5.42868e-03, 3, 3.72759e-10
5.42868e-03, 3, 5.17947e-10
5.42868e-03, 3, 7.19686e-10
5.42868e-03, 3, 1.00000e-09
5.42868e-03, 3, 1.38950e-09
5.42868e-03, 3, 1.93070e-09
5.42868e-03, 3, 2.68270e-09
5.42868e-03, 3, 3.72759e-09
5.42868e-03, 3, 5.17947e-09
5.42868e-03, 3, 7.19686e-09
5.42868e-03, 3, 1.00000e-08
5.42868e-03, 3, 1.38950e-08
5.42868e-03, 3, 1.93070e-08
5.42868e-03, 3, 2.68270e-08
5.42868e-03, 3, 3.72759e-08
5.42868e-03, 3, 5.17947e-08
5.42868e-03, 3, 7.19686e-08
5.42868e-03, 3, 1.00000e-07
5.42868e-03, 3, 1.38950e-07
5.42868e-03, 3, 1.93070e-07
5.42868e-03, 3, 2.68270e-07
5.42868e-03, 3, 3.72759e-07
5.42868e-03, 3, 5.17947e-07
5.42868e-03, 3, 7.19686e-07
5.42868e-03, 3, 1.00000e-06
5.42868e-03, 3, 1.38950e-06
5.42868e-03, 3, 1.93070e-06
5.42868e-03, 3, 2.68270e-06
5.42868e-03, 3, 3.72759e-06
5.42868e-03, 3, 5.17947e-06
5.42868e-03, 3, 7.19686e-06
5.42868e-03, 3, 1.00000e-05
5.42868e-03, 3, 1.38950e-05
5.42868e-03, 3, 1.93070e-05
5.42868e-03, 3, 2.68270e-05
5.42868e-03, 3, 3.72759e-05
5.42868e-03, 3, 5.17947e-05
5.42868e-03, 3, 7.19686e-05
5.42868e-03, 3, 1.00000e-04
7.19686e-03, 3, 1.00000e-11
7.19686e-03, 3, 1.38950e-11
7.19686e-03, 3, 1.93070e-11
7.19686e-03, 3, 2.68270e-11
7.19686e-03, 3, 3.72759e-11
7.19686e-03, 3, 5.17947e-11
7.19686e-03, 3, 7.19686e-11
7.19686e-03, 3, 1.00000e-10
7.19686e-03, 3, 1.38950e-10
7.19686e-03, 3, 1.93070e-10
7.19686e-03, 3, 2.68270e-10
7.19686e-03, 3, 3.72759e-10
7.19686e-03, 3, 5.17947e-10
7.19686e-03, 3, 7.19686e-10
7.19686e-03, 3, 1.00000e-09
7.19686e-03, 3, 1.38950e-09
7.19686e-03, 3, 1.93070e-09
7.19686e-03, 3, 2.68270e-09
7.19686e-03, 3, 3.72759e-09
7.19686e-03, 3, 5.17947e-09
7.19686e-03, 3, 7.19686e-09
7.19686e-03, 3, 1.00000e-08
7.19686e-03, 3, 1.38950e-08
7.19686e-03, 3, 1.93070e-08
7.19686e-03, 3, 2.68270e-08
7.19686e-03, 3, 3.72759e-08
7.19686e-03, 3, 5.17947e-08
7.19686e-03, 3, 7.19686e-08
7.19686e-03, 3, 1.00000e-07
7.19686e-03, 3, 1.38950e-07
7.19686e-03, 3, 1.93070e-07
7.19686e-03, 3, 2.68270e-07
7.19686e-03, 3, 3.72759e-07
7.19686e-03, 3, 5.17947e-07
7.19686e-03, 3, 7.19686e-07
7.19686e-03, 3, 1.00000e-06
7.19686e-03, 3, 1.38950e-06
7.19686e-03, 3, 1.93070e-06
7.19686e-03, 3, 2.68270e-06
7.19686e-03, 3, 3.72759e-06
7.19686e-03, 3, 5.17947e-06
7.19686e-03, 3, 7.19686e-06
7.19686e-03, 3, 1.00000e-05
7.19686e-03, 3, 1.38950e-05
7.19686e-03, 3, 1.93070e-05
7.19686e-03, 3, 2.68270e-05
7.19686e-03, 3, 3.72759e-05
7.19686e-03, 3, 5.17947e-05
7.19686e-03, 3, 7.19686e-05
7.19686e-03, 3, 1.00000e-04
9.54095e-03, 3, 1.00000e-11
9.54095e-03, 3, 1.38950e-11
9.54095e-03, 3, 1.93070e-11
9.54095e-03, 3, 2.68270e-11
9.54095e-03, 3, 3.72759e-11
9.54095e-03, 3, 5.17947e-11
9.54095e-03, 3, 7.19686e-11
9.54095e-03, 3, 1.00000e-10
9.54095e-03, 3, 1.38950e-10
9.54095e-03, 3, 1.93070e-10
9.54095e-03, 3, 2.68270e-10
9.54095e-03, 3, 3.72759e-10
9.54095e-03, 3, 5.17947e-10
9.54095e-03, 3, 7.19686e-10
9.54095e-03, 3, 1.00000e-09
9.54095e-03, 3, 1.38950e-09
9.54095e-03, 3, 1.93070e-09
9.54095e-03, 3, 2.68270e-09
9.54095e-03, 3, 3.72759e-09
9.54095e-03, 3, 5.17947e-09
9.54095e-03, 3, 7.19686e-09
9.54095e-03, 3, 1.00000e-08
9.54095e-03, 3, 1.38950e-08
9.54095e-03, 3, 1.93070e-08
9.54095e-03, 3, 2.68270e-08
9.54095e-03, 3, 3.72759e-08
9.54095e-03, 3, 5.17947e-08
9.54095e-03, 3, 7.19686e-08
9.54095e-03, 3, 1.00000e-07
9.54095e-03, 3, 1.38950e-07
9.54095e-03, 3, 1.93070e-07
9.54095e-03, 3, 2.68270e-07
9.54095e-03, 3, 3.72759e-07
9.54095e-03, 3, 5.17947e-07
9.54095e-03, 3, 7.19686e-07
9.54095e-03, 3, 1.00000e-06
9.54095e-03, 3, 1.38950e-06
9.54095e-03, 3, 1.93070e-06
9.54095e-03, 3, 2.68270e-06
9.54095e-03, 3, 3.72759e-06
9.54095e-03, 3, 5.17947e-06
9.54095e-03, 3, 7.19686e-06
9.54095e-03, 3, 1.00000e-05
9.54095e-03, 3, 1.38950e-05
9.54095e-03, 3, 1.93070e-05
9.54095e-03, 3, 2.68270e-05
9.54095e-03, 3, 3.72759e-05
9.54095e-03, 3, 5.17947e-05
9.54095e-03, 3, 7.19686e-05
9.54095e-03, 3, 1.00000e-04
1.26486e-02, 3, 1.00000e-11
1.26486e-02, 3, 1.38950e-11
1.26486e-02, 3, 1.93070e-11
1.26486e-02, 3, 2.68270e-11
1.26486e-02, 3, 3.72759e-11
1.26486e-02, 3, 5.17947e-11
1.26486e-02, 3, 7.19686e-11
1.26486e-02, 3, 1.00000e-10
1.26486e-02, 3, 1.38950e-10
1.26486e-02, 3, 1.93070e-10
1.26486e-02, 3, 2.68270e-10
1.26486e-02, 3, 3.72759e-10
1.26486e-02, 3, 5.17947e-10
1.26486e-02, 3, 7.19686e-10
1.26486e-02, 3, 1.00000e-09
1.26486e-02, 3, 1.38950e-09
1.26486e-02, 3, 1.93070e-09
1.26486e-02, 3, 2.68270e-09
1.26486e-02, 3, 3.72759e-09
1.26486e-02, 3, 5.17947e-09
1.26486e-02, 3, 7.19686e-09
1.26486e-02, 3, 1.00000e-08
1.26486e-02, 3, 1.38950e-08
1.26486e-02, 3, 1.93070e-08
1.26486e-02, 3, 2.68270e-08
1.26486e-02, 3, 3.72759e-08
1.26486e-02, 3, 5.17947e-08
1.26486e-02, 3, 7.19686e-08
1.26486e-02, 3, 1.00000e-07
1.26486e-02, 3, 1.38950e-07
1.26486e-02, 3, 1.93070e-07
1.26486e-02, 3, 2.68270e-07
1.26486e-02, 3, 3.72759e-07
1.26486e-02, 3, 5.17947e-07
1.26486e-02, 3, 7.19686e-07
1.26486e-02, 3, 1.00000e-06
1.26486e-02, 3, 1.38950e-06
1.26486e-02, 3, 1.93070e-06
1.26486e-02, 3, 2.68270e-06
1.26486e-02, 3, 3.72759e-06
1.26486e-02, 3, 5.17947e-06
1.26486e-02, 3, 7.19686e-06
1.26486e-02, 3, 1.00000e-05
1.26486e-02, 3, 1.38950e-05
1.26486e-02, 3, 1.93070e-05
1.26486e-02, 3, 2.68270e-05
1.26486e-02, 3, 3.72759e-05
1.26486e-02, 3, 5.17947e-05
1.26486e-02, 3, 7.19686e-05
1.26486e-02, 3, 1.00000e-04
1.67683e-02, 3, 1.00000e-11
1.67683e-02, 3, 1.38950e-11
1.67683e-02, 3, 1.93070e-11
1.67683e-02, 3, 2.68270e-11
1.67683e-02, 3, 3.72759e-11
1.67683e-02, 3, 5.17947e-11
1.67683e-02, 3, 7.19686e-11
1.67683e-02, 3, 1.00000e-10
1.67683e-02, 3, 1.38950e-10
1.67683e-02, 3, 1.93070e-10
1.67683e-02, 3, 2.68270e-10
1.67683e-02, 3, 3.72759e-10
1.67683e-02, 3, 5.17947e-10
1.67683e-02, 3, 7.19686e-10
1.67683e-02, 3, 1.00000e-09
1.67683e-02, 3, 1.38950e-09
1.67683e-02, 3, 1.93070e-09
1.67683e-02, 3, 2.68270e-09
1.67683e-02, 3, 3.72759e-09
1.67683e-02, 3, 5.17947e-09
1.67683e-02, 3, 7.19686e-09
1.67683e-02, 3, 1.00000e-08
1.67683e-02, 3, 1.38950e-08
1.67683e-02, 3, 1.93070e-08
1.67683e-02, 3, 2.68270e-08
1.67683e-02, 3, 3.72759e-08
1.67683e-02, 3, 5.17947e-08
1.67683e-02, 3, 7.19686e-08
1.67683e-02, 3, 1.00000e-07
1.67683e-02, 3, 1.38950e-07
1.67683e-02, 3, 1.93070e-07
1.67683e-02, 3, 2.68270e-07
1.67683e-02, 3, 3.72759e-07
1.67683e-02, 3, 5.17947e-07
1.67683e-02, 3, 7.19686e-07
1.67683e-02, 3, 1.00000e-06
1.67683e-02, 3, 1.38950e-06
1.67683e-02, 3, 1.93070e-06
1.67683e-02, 3, 2.68270e-06
1.67683e-02, 3, 3.72759e-06
1.67683e-02, 3, 5.17947e-06
1.67683e-02, 3, 7.19686e-06
1.67683e-02, 3, 1.00000e-05
1.67683e-02, 3, 1.38950e-05
1.67683e-02, 3, 1.93070e-05
1.67683e-02, 3, 2.68270e-05
1.67683e-02, 3, 3.72759e-05
1.67683e-02, 3, 5.17947e-05
1.67683e-02, 3, 7.19686e-05
1.67683e-02, 3, 1.00000e-04
2.22300e-02, 3, 1.00000e-11
2.22300e-02, 3, 1.38950e-11
2.22300e-02, 3, 1.93070e-11
2.22300e-02, 3, 2.68270e-11
2.22300e-02, 3, 3.72759e-11
2.22300e-02, 3, 5.17947e-11
2.22300e-02, 3, 7.19686e-11
2.22300e-02, 3, 1.00000e-10
2.22300e-02, 3, 1.38950e-10
2.22300e-02, 3, 1.93070e-10
2.22300e-02, 3, 2.68270e-10
2.22300e-02, 3, 3.72759e-10
2.22300e-02, 3, 5.17947e-10
2.22300e-02, 3, 7.19686e-10
2.22300e-02, 3, 1.00000e-09
2.22300e-02, 3, 1.38950e-09
2.22300e-02, 3, 1.93070e-09
2.22300e-02, 3, 2.68270e-09
2.22300e-02, 3, 3.72759e-09
2.22300e-02, 3, 5.17947e-09
2.22300e-02, 3, 7.19686e-09
2.22300e-02, 3, 1.00000e-08
2.22300e-02, 3, 1.38950e-08
2.22300e-02, 3, 1.93070e-08
2.22300e-02, 3, 2.68270e-08
2.22300e-02, 3, 3.72759e-08
2.22300e-02, 3, 5.17947e-08
2.22300e-02, 3, 7.19686e-08
2.22300e-02, 3, 1.00000e-07
2.22300e-02, 3, 1.38950e-07
2.22300e-02, 3, 1.93070e-07
2.22300e-02, 3, 2.68270e-07
2.22300e-02, 3, 3.72759e-07
2.22300e-02, 3, 5.17947e-07
2.22300e-02, 3, 7.19686e-07
2.22300e-02, 3, 1.00000e-06
2.22300e-02, 3, 1.38950e-06
2.22300e-02, 3, 1.93070e-06
2.22300e-02, 3, 2.68270e-06
2.22300e-02, 3, 3.72759e-06
2.22300e-02, 3, 5.17947e-06
2.22300e-02, 3, 7.19686e-06
2.22300e-02, 3, 1.00000e-05
2.22300e-02, 3, 1.38950e-05
2.22300e-02, 3, 1.93070e-05
2.22300e-02, 3, 2.68270e-05
2.22300e-02, 3, 3.72759e-05
2.22300e-02, 3, 5.17947e-05
2.22300e-02, 3, 7.19686e-05
2.22300e-02, 3, 1.00000e-04
2.94705e-02, 3, 1.00000e-11
2.94705e-02, 3, 1.38950e-11
2.94705e-02, 3, 1.93070e-11
2.94705e-02, 3, 2.68270e-11
2.94705e-02, 3, 3.72759e-11
2.94705e-02, 3, 5.17947e-11
2.94705e-02, 3, 7.19686e-11
2.94705e-02, 3, 1.00000e-10
2.94705e-02, 3, 1.38950e-10
2.94705e-02, 3, 1.93070e-10
2.94705e-02, 3, 2.68270e-10
2.94705e-02, 3, 3.72759e-10
2.94705e-02, 3, 5.17947e-10
2.94705e-02, 3, 7.19686e-10
2.94705e-02, 3, 1.00000e-09
2.94705e-02, 3, 1.38950e-09
2.94705e-02, 3, 1.93070e-09
2.94705e-02, 3, 2.68270e-09
2.94705e-02, 3, 3.72759e-09
2.94705e-02, 3, 5.17947e-09
2.94705e-02, 3, 7.19686e-09
2.94705e-02, 3, 1.00000e-08
2.94705e-02, 3, 1.38950e-08
2.94705e-02, 3, 1.93070e-08
2.94705e-02, 3, 2.68270e-08
2.94705e-02, 3, 3.72759e-08
2.94705e-02, 3, 5.17947e-08
2.94705e-02, 3, 7.19686e-08
2.94705e-02, 3, 1.00000e-07
2.94705e-02, 3, 1.38950e-07
2.94705e-02, 3, 1.93070e-07
2.94705e-02, 3, 2.68270e-07
2.94705e-02, 3, 3.72759e-07
2.94705e-02, 3, 5.17947e-07
2.94705e-02, 3, 7.19686e-07
2.94705e-02, 3, 1.00000e-06
2.94705e-02, 3, 1.38950e-06
2.94705e-02, 3, 1.93070e-06
2.94705e-02, 3, 2.68270e-06
2.94705e-02, 3, 3.72759e-06
2.94705e-02, 3, 5.17947e-06
2.94705e-02, 3, 7.19686e-06
2.94705e-02, 3, 1.00000e-05
2.94705e-02, 3, 1.38950e-05
2.94705e-02, 3, 1.93070e-05
2.94705e-02, 3, 2.68270e-05
2.94705e-02, 3, 3.72759e-05
2.94705e-02, 3, 5.17947e-05
2.94705e-02, 3, 7.19686e-05
2.94705e-02, 3, 1.00000e-04
3.90694e-02, 3, 1.00000e-11
3.90694e-02, 3, 1.38950e-11
3.90694e-02, 3, 1.93070e-11
3.90694e-02, 3, 2.68270e-11
3.90694e-02, 3, 3.72759e-11
3.90694e-02, 3, 5.17947e-11
3.90694e-02, 3, 7.19686e-11
3.90694e-02, 3, 1.00000e-10
3.90694e-02, 3, 1.38950e-10
3.90694e-02, 3, 1.93070e-10
3.90694e-02, 3, 2.68270e-10
3.90694e-02, 3, 3.72759e-10
3.90694e-02, 3, 5.17947e-10
3.90694e-02, 3, 7.19686e-10
3.90694e-02, 3, 1.00000e-09
3.90694e-02, 3, 1.38950e-09
3.90694e-02, 3, 1.93070e-09
3.90694e-02, 3, 2.68270e-09
3.90694e-02, 3, 3.72759e-09
3.90694e-02, 3, 5.17947e-09
3.90694e-02, 3, 7.19686e-09
3.90694e-02, 3, 1.00000e-08
3.90694e-02, 3, 1.38950e-08
3.90694e-02, 3, 1.93070e-08
3.90694e-02, 3, 2.68270e-08
3.90694e-02, 3, 3.72759e-08
3.90694e-02, 3, 5.17947e-08
3.90694e-02, 3, 7.19686e-08
3.90694e-02, 3, 1.00000e-07
3.90694e-02, 3, 1.38950e-07
3.90694e-02, 3, 1.93070e-07
3.90694e-02, 3, 2.68270e-07
3.90694e-02, 3, 3.72759e-07
3.90694e-02, 3, 5.17947e-07
3.90694e-02, 3, 7.19686e-07
3.90694e-02, 3, 1.00000e-06
3.90694e-02, 3, 1.38950e-06
3.90694e-02, 3, 1.93070e-06
3.90694e-02, 3, 2.68270e-06
3.90694e-02, 3, 3.72759e-06
3.90694e-02, 3, 5.17947e-06
3.90694e-02, 3, 7.19686e-06
3.90694e-02, 3, 1.00000e-05
3.90694e-02, 3, 1.38950e-05
3.90694e-02, 3, 1.93070e-05
3.90694e-02, 3, 2.68270e-05
3.90694e-02, 3, 3.72759e-05
3.90694e-02, 3, 5.17947e-05
3.90694e-02, 3, 7.19686e-05
3.90694e-02, 3, 1.00000e-04
5.17947e-02, 3, 1.00000e-11
5.17947e-02, 3, 1.38950e-11
5.17947e-02, 3, 1.93070e-11
5.17947e-02, 3, 2.68270e-11
5.17947e-02, 3, 3.72759e-11
5.17947e-02, 3, 5.17947e-11
5.17947e-02, 3, 7.19686e-11
5.17947e-02, 3, 1.00000e-10
5.17947e-02, 3, 1.38950e-10
5.17947e-02, 3, 1.93070e-10
5.17947e-02, 3, 2.68270e-10
5.17947e-02, 3, 3.72759e-10
5.17947e-02, 3, 5.17947e-10
5.17947e-02, 3, 7.19686e-10
5.17947e-02, 3, 1.00000e-09
5.17947e-02, 3, 1.38950e-09
5.17947e-02, 3, 1.93070e-09
5.17947e-02, 3, 2.68270e-09
5.17947e-02, 3, 3.72759e-09
5.17947e-02, 3, 5.17947e-09
5.17947e-02, 3, 7.19686e-09
5.17947e-02, 3, 1.00000e-08
5.17947e-02, 3, 1.38950e-08
5.17947e-02, 3, 1.93070e-08
5.17947e-02, 3, 2.68270e-08
5.17947e-02, 3, 3.72759e-08
5.17947e-02, 3, 5.17947e-08
5.17947e-02, 3, 7.19686e-08
5.17947e-02, 3, 1.00000e-07
5.17947e-02, 3, 1.38950e-07
5.17947e-02, 3, 1.93070e-07
5.17947e-02, 3, 2.68270e-07
5.17947e-02, 3, 3.72759e-07
5.17947e-02, 3, 5.17947e-07
5.17947e-02, 3, 7.19686e-07
5.17947e-02, 3, 1.00000e-06
5.17947e-02, 3, 1.38950e-06
5.17947e-02, 3, 1.93070e-06
5.17947e-02, 3, 2.68270e-06
5.17947e-02, 3, 3.72759e-06
5.17947e-02, 3, 5.17947e-06
5.17947e-02, 3, 7.19686e-06
5.17947e-02, 3, 1.00000e-05
5.17947e-02, 3, 1.38950e-05
5.17947e-02, 3, 1.93070e-05
5.17947e-02, 3, 2.68270e-05
5.17947e-02, 3, 3.72759e-05
5.17947e-02, 3, 5.17947e-05
5.17947e-02, 3, 7.19686e-05
5.17947e-02, 3, 1.00000e-04
6.86649e-02, 3, 1.00000e-11
6.86649e-02, 3, 1.38950e-11
6.86649e-02, 3, 1.93070e-11
6.86649e-02, 3, 2.68270e-11
6.86649e-02, 3, 3.72759e-11
6.86649e-02, 3, 5.17947e-11
6.86649e-02, 3, 7.19686e-11
6.86649e-02, 3, 1.00000e-10
6.86649e-02, 3, 1.38950e-10
6.86649e-02, 3, 1.93070e-10
6.86649e-02, 3, 2.68270e-10
6.86649e-02, 3, 3.72759e-10
6.86649e-02, 3, 5.17947e-10
6.86649e-02, 3, 7.19686e-10
6.86649e-02, 3, 1.00000e-09
6.86649e-02, 3, 1.38950e-09
6.86649e-02, 3, 1.93070e-09
6.86649e-02, 3, 2.68270e-09
6.86649e-02, 3, 3.72759e-09
6.86649e-02, 3, 5.17947e-09
6.86649e-02, 3, 7.19686e-09
6.86649e-02, 3, 1.00000e-08
6.86649e-02, 3, 1.38950e-08
6.86649e-02, 3, 1.93070e-08
6.86649e-02, 3, 2.68270e-08
6.86649e-02, 3, 3.72759e-08
6.86649e-02, 3, 5.17947e-08
6.86649e-02, 3, 7.19686e-08
6.86649e-02, 3, 1.00000e-07
6.86649e-02, 3, 1.38950e-07
6.86649e-02, 3, 1.93070e-07
6.86649e-02, 3, 2.68270e-07
6.86649e-02, 3, 3.72759e-07
6.86649e-02, 3, 5.17947e-07
6.86649e-02, 3, 7.19686e-07
6.86649e-02, 3, 1.00000e-06
6.86649e-02, 3, 1.38950e-06
6.86649e-02, 3, 1.93070e-06
6.86649e-02, 3, 2.68270e-06
6.86649e-02, 3, 3.72759e-06
6.86649e-02, 3, 5.17947e-06
6.86649e-02, 3, 7.19686e-06
6.86649e-02, 3, 1.00000e-05
6.86649e-02, 3, 1.38950e-05
6.86649e-02, 3, 1.93070e-05
6.86649e-02, 3, 2.68270e-05
6.86649e-02, 3, 3.72759e-05
6.86649e-02, 3, 5.17947e-05
6.86649e-02, 3, 7.19686e-05
6.86649e-02, 3, 1.00000e-04
9.10298e-02, 3, 1.00000e-11
9.10298e-02, 3, 1.38950e-11
9.10298e-02, 3, 1.93070e-11
9.10298e-02, 3, 2.68270e-11
9.10298e-02, 3, 3.72759e-11
9.10298e-02, 3, 5.17947e-11
9.10298e-02, 3, 7.19686e-11
9.10298e-02, 3, 1.00000e-10
9.10298e-02, 3, 1.38950e-10
9.10298e-02, 3, 1.93070e-10
9.10298e-02, 3, 2.68270e-10
9.10298e-02, 3, 3.72759e-10
9.10298e-02, 3, 5.17947e-10
9.10298e-02, 3, 7.19686e-10
9.10298e-02, 3, 1.00000e-09
9.10298e-02, 3, 1.38950e-09
9.10298e-02, 3, 1.93070e-09
9.10298e-02, 3, 2.68270e-09
9.10298e-02, 3, 3.72759e-09
9.10298e-02, 3, 5.17947e-09
9.10298e-02, 3, 7.19686e-09
9.10298e-02, 3, 1.00000e-08
9.10298e-02, 3, 1.38950e-08
9.10298e-02, 3, 1.93070e-08
9.10298e-02, 3, 2.68270e-08
9.10298e-02, 3, 3.72759e-08
9.10298e-02, 3, 5.17947e-08
9.10298e-02, 3, 7.19686e-08
9.10298e-02, 3, 1.00000e-07
9.10298e-02, 3, 1.38950e-07
9.10298e-02, 3, 1.93070e-07
9.10298e-02, 3, 2.68270e-07
9.10298e-02, 3, 3.72759e-07
9.10298e-02, 3, 5.17947e-07
9.10298e-02, 3, 7.19686e-07
9.10298e-02, 3, 1.00000e-06
9.10298e-02, 3, 1.38950e-06
9.10298e-02, 3, 1.93070e-06
9.10298e-02, 3, 2.68270e-06
9.10298e-02, 3, 3.72759e-06
9.10298e-02, 3, 5.17947e-06
9.10298e-02, 3, 7.19686e-06
9.10298e-02, 3, 1.00000e-05
9.10298e-02, 3, 1.38950e-05
9.10298e-02, 3, 1.93070e-05
9.10298e-02, 3, 2.68270e-05
9.10298e-02, 3, 3.72759e-05
9.10298e-02, 3, 5.17947e-05
9.10298e-02, 3, 7.19686e-05
9.10298e-02, 3, 1.00000e-04
1.20679e-01, 3, 1.00000e-11
1.20679e-01, 3, 1.38950e-11
1.20679e-01, 3, 1.93070e-11
1.20679e-01, 3, 2.68270e-11
1.20679e-01, 3, 3.72759e-11
1.20679e-01, 3, 5.17947e-11
1.20679e-01, 3, 7.19686e-11
1.20679e-01, 3, 1.00000e-10
1.20679e-01, 3, 1.38950e-10
1.20679e-01, 3, 1.93070e-10
1.20679e-01, 3, 2.68270e-10
1.20679e-01, 3, 3.72759e-10
1.20679e-01, 3, 5.17947e-10
1.20679e-01, 3, 7.19686e-10
1.20679e-01, 3, 1.00000e-09
1.20679e-01, 3, 1.38950e-09
1.20679e-01, 3, 1.93070e-09
1.20679e-01, 3, 2.68270e-09
1.20679e-01, 3, 3.72759e-09
1.20679e-01, 3, 5.17947e-09
1.20679e-01, 3, 7.19686e-09
1.20679e-01, 3, 1.00000e-08
1.20679e-01, 3, 1.38950e-08
1.20679e-01, 3, 1.93070e-08
1.20679e-01, 3, 2.68270e-08
1.20679e-01, 3, 3.72759e-08
1.20679e-01, 3, 5.17947e-08
1.20679e-01, 3, 7.19686e-08
1.20679e-01, 3, 1.00000e-07
1.20679e-01, 3, 1.38950e-07
1.20679e-01, 3, 1.93070e-07
1.20679e-01, 3, 2.68270e-07
1.20679e-01, 3, 3.72759e-07
1.20679e-01, 3, 5.17947e-07
1.20679e-01, 3, 7.19686e-07
1.20679e-01, 3, 1.00000e-06
1.20679e-01, 3, 1.38950e-06
1.20679e-01, 3, 1.93070e-06
1.20679e-01, 3, 2.68270e-06
1.20679e-01, 3, 3.72759e-06
1.20679e-01, 3, 5.17947e-06
1.20679e-01, 3, 7.19686e-06
1.20679e-01, 3, 1.00000e-05
1.20679e-01, 3, 1.38950e-05
1.20679e-01, 3, 1.93070e-05
1.20679e-01, 3, 2.68270e-05
1.20679e-01, 3, 3.72759e-05
1.20679e-01, 3, 5.17947e-05
1.20679e-01, 3, 7.19686e-05
1.20679e-01, 3, 1.00000e-04
1.59986e-01, 3, 1.00000e-11
1.59986e-01, 3, 1.38950e-11
1.59986e-01, 3, 1.93070e-11
1.59986e-01, 3, 2.68270e-11
1.59986e-01, 3, 3.72759e-11
1.59986e-01, 3, 5.17947e-11
1.59986e-01, 3, 7.19686e-11
1.59986e-01, 3, 1.00000e-10
1.59986e-01, 3, 1.38950e-10
1.59986e-01, 3, 1.93070e-10
1.59986e-01, 3, 2.68270e-10
1.59986e-01, 3, 3.72759e-10
1.59986e-01, 3, 5.17947e-10
1.59986e-01, 3, 7.19686e-10
1.59986e-01, 3, 1.00000e-09
1.59986e-01, 3, 1.38950e-09
1.59986e-01, 3, 1.93070e-09
1.59986e-01, 3, 2.68270e-09
1.59986e-01, 3, 3.72759e-09
1.59986e-01, 3, 5.17947e-09
1.59986e-01, 3, 7.19686e-09
1.59986e-01, 3, 1.00000e-08
1.59986e-01, 3, 1.38950e-08
1.59986e-01, 3, 1.93070e-08
1.59986e-01, 3, 2.68270e-08
1.59986e-01, 3, 3.72759e-08
1.59986e-01, 3, 5.17947e-08
1.59986e-01, 3, 7.19686e-08
1.59986e-01, 3, 1.00000e-07
1.59986e-01, 3, 1.38950e-07
1.59986e-01, 3, 1.93070e-07
1.59986e-01, 3, 2.68270e-07
1.59986e-01, 3, 3.72759e-07
1.59986e-01, 3, 5.17947e-07
1.59986e-01, 3, 7.19686e-07
1.59986e-01, 3, 1.00000e-06
1.59986e-01, 3, 1.38950e-06
1.59986e-01, 3, 1.93070e-06
1.59986e-01, 3, 2.68270e-06
1.59986e-01, 3, 3.72759e-06
1.59986e-01, 3, 5.17947e-06
1.59986e-01, 3, 7.19686e-06
1.59986e-01, 3, 1.00000e-05
1.59986e-01, 3, 1.38950e-05
1.59986e-01, 3, 1.93070e-05
1.59986e-01, 3, 2.68270e-05
1.59986e-01, 3, 3.72759e-05
1.59986e-01, 3, 5.17947e-05
1.59986e-01, 3, 7.19686e-05
1.59986e-01, 3, 1.00000e-04
2.12095e-01, 3, 1.00000e-11
2.12095e-01, 3, 1.38950e-11
2.12095e-01, 3, 1.93070e-11
2.12095e-01, 3, 2.68270e-11
2.12095e-01, 3, 3.72759e-11
2.12095e-01, 3, 5.17947e-11
2.12095e-01, 3, 7.19686e-11
2.12095e-01, 3, 1.00000e-10
2.12095e-01, 3, 1.38950e-10
2.12095e-01, 3, 1.93070e-10
2.12095e-01, 3, 2.68270e-10
2.12095e-01, 3, 3.72759e-10
2.12095e-01, 3, 5.17947e-10
2.12095e-01, 3, 7.19686e-10
2.12095e-01, 3, 1.00000e-09
2.12095e-01, 3, 1.38950e-09
2.12095e-01, 3, 1.93070e-09
2.12095e-01, 3, 2.68270e-09
2.12095e-01, 3, 3.72759e-09
2.12095e-01, 3, 5.17947e-09
2.12095e-01, 3, 7.19686e-09
2.12095e-01, 3, 1.00000e-08
2.12095e-01, 3, 1.38950e-08
2.12095e-01, 3, 1.93070e-08
2.12095e-01, 3, 2.68270e-08
2.12095e-01, 3, 3.72759e-08
2.12095e-01, 3, 5.17947e-08
2.12095e-01, 3, 7.19686e-08
2.12095e-01, 3, 1.00000e-07
2.12095e-01, 3, 1.38950e-07
2.12095e-01, 3, 1.93070e-07
2.12095e-01, 3, 2.68270e-07
2.12095e-01, 3, 3.72759e-07
2.12095e-01, 3, 5.17947e-07
2.12095e-01, 3, 7.19686e-07
2.12095e-01, 3, 1.00000e-06
2.12095e-01, 3, 1.38950e-06
2.12095e-01, 3, 1.93070e-06
2.12095e-01, 3, 2.68270e-06
2.12095e-01, 3, 3.72759e-06
2.12095e-01, 3, 5.17947e-06
2.12095e-01, 3, 7.19686e-06
2.12095e-01, 3, 1.00000e-05
2.12095e-01, 3, 1.38950e-05
2.12095e-01, 3, 1.93070e-05
2.12095e-01, 3, 2.68270e-05
2.12095e-01, 3, 3.72759e-05
2.12095e-01, 3, 5.17947e-05
2.12095e-01, 3, 7.19686e-05
2.12095e-01, 3, 1.00000e-04
2.81177e-01, 3, 1.00000e-11
2.81177e-01, 3, 1.38950e-11
2.81177e-01, 3, 1.93070e-11
2.81177e-01, 3, 2.68270e-11
2.81177e-01, 3, 3.72759e-11
2.81177e-01, 3, 5.17947e-11
2.81177e-01, 3, 7.19686e-11
2.81177e-01, 3, 1.00000e-10
2.81177e-01, 3, 1.38950e-10
2.81177e-01, 3, 1.93070e-10
2.81177e-01, 3, 2.68270e-10
2.81177e-01, 3, 3.72759e-10
2.81177e-01, 3, 5.17947e-10
2.81177e-01, 3, 7.19686e-10
2.81177e-01, 3, 1.00000e-09
2.81177e-01, 3, 1.38950e-09
2.81177e-01, 3, 1.93070e-09
2.81177e-01, 3, 2.68270e-09
2.81177e-01, 3, 3.72759e-09
2.81177e-01, 3, 5.17947e-09
2.81177e-01, 3, 7.19686e-09
2.81177e-01, 3, 1.00000e-08
2.81177e-01, 3, 1.38950e-08
2.81177e-01, 3, 1.93070e-08
2.81177e-01, 3, 2.68270e-08
2.81177e-01, 3, 3.72759e-08
2.81177e-01, 3, 5.17947e-08
2.81177e-01, 3, 7.19686e-08
2.81177e-01, 3, 1.00000e-07
2.81177e-01, 3, 1.38950e-07
2.81177e-01, 3, 1.93070e-07
2.81177e-01, 3, 2.68270e-07
2.81177e-01, 3, 3.72759e-07
2.81177e-01, 3, 5.17947e-07
2.81177e-01, 3, 7.19686e-07
2.81177e-01, 3, 1.00000e-06
2.81177e-01, 3, 1.38950e-06
2.81177e-01, 3, 1.93070e-06
2.81177e-01, 3, 2.68270e-06
2.81177e-01, 3, 3.72759e-06
2.81177e-01, 3, 5.17947e-06
2.81177e-01, 3, 7.19686e-06
2.81177e-01, 3, 1.00000e-05
2.81177e-01, 3, 1.38950e-05
2.81177e-01, 3, 1.93070e-05
2.81177e-01, 3, 2.68270e-05
2.81177e-01, 3, 3.72759e-05
2.81177e-01, 3, 5.17947e-05
2.81177e-01, 3, 7.19686e-05
2.81177e-01, 3, 1.00000e-04
3.72759e-01, 3, 1.00000e-11
3.72759e-01, 3, 1.38950e-11
3.72759e-01, 3, 1.93070e-11
3.72759e-01, 3, 2.68270e-11
3.72759e-01, 3, 3.72759e-11
3.72759e-01, 3, 5.17947e-11
3.72759e-01, 3, 7.19686e-11
3.72759e-01, 3, 1.00000e-10
3.72759e-01, 3, 1.38950e-10
3.72759e-01, 3, 1.93070e-10
3.72759e-01, 3, 2.68270e-10
3.72759e-01, 3, 3.72759e-10
3.72759e-01, 3, 5.17947e-10
3.72759e-01, 3, 7.19686e-10
3.72759e-01, 3, 1.00000e-09
3.72759e-01, 3, 1.38950e-09
3.72759e-01, 3, 1.93070e-09
3.72759e-01, 3, 2.68270e-09
3.72759e-01, 3, 3.72759e-09
3.72759e-01, 3, 5.17947e-09
3.72759e-01, 3, 7.19686e-09
3.72759e-01, 3, 1.00000e-08
3.72759e-01, 3, 1.38950e-08
3.72759e-01, 3, 1.93070e-08
3.72759e-01, 3, 2.68270e-08
3.72759e-01, 3, 3.72759e-08
3.72759e-01, 3, 5.17947e-08
3.72759e-01, 3, 7.19686e-08
3.72759e-01, 3, 1.00000e-07
3.72759e-01, 3, 1.38950e-07
3.72759e-01, 3, 1.93070e-07
3.72759e-01, 3, 2.68270e-07
3.72759e-01, 3, 3.72759e-07
3.72759e-01, 3, 5.17947e-07
3.72759e-01, 3, 7.19686e-07
3.72759e-01, 3, 1.00000e-06
3.72759e-01, 3, 1.38950e-06
3.72759e-01, 3, 1.93070e-06
3.72759e-01, 3, 2.68270e-06
3.72759e-01, 3, 3.72759e-06
3.72759e-01, 3, 5.17947e-06
3.72759e-01, 3, 7.19686e-06
3.72759e-01, 3, 1.00000e-05
3.72759e-01, 3, 1.38950e-05
3.72759e-01, 3, 1.93070e-05
3.72759e-01, 3, 2.68270e-05
3.72759e-01, 3, 3.72759e-05
3.72759e-01, 3, 5.17947e-05
3.72759e-01, 3, 7.19686e-05
3.72759e-01, 3, 1.00000e-04
4.94171e-01, 3, 1.00000e-11
4.94171e-01, 3, 1.38950e-11
4.94171e-01, 3, 1.93070e-11
4.94171e-01, 3, 2.68270e-11
4.94171e-01, 3, 3.72759e-11
4.94171e-01, 3, 5.17947e-11
4.94171e-01, 3, 7.19686e-11
4.94171e-01, 3, 1.00000e-10
4.94171e-01, 3, 1.38950e-10
4.94171e-01, 3, 1.93070e-10
4.94171e-01, 3, 2.68270e-10
4.94171e-01, 3, 3.72759e-10
4.94171e-01, 3, 5.17947e-10
4.94171e-01, 3, 7.19686e-10
4.94171e-01, 3, 1.00000e-09
4.94171e-01, 3, 1.38950e-09
4.94171e-01, 3, 1.93070e-09
4.94171e-01, 3, 2.68270e-09
4.94171e-01, 3, 3.72759e-09
4.94171e-01, 3, 5.17947e-09
4.94171e-01, 3, 7.19686e-09
4.94171e-01, 3, 1.00000e-08
4.94171e-01, 3, 1.38950e-08
4.94171e-01, 3, 1.93070e-08
4.94171e-01, 3, 2.68270e-08
4.94171e-01, 3, 3.72759e-08
4.94171e-01, 3, 5.17947e-08
4.94171e-01, 3, 7.19686e-08
4.94171e-01, 3, 1.00000e-07
4.94171e-01, 3, 1.38950e-07
4.94171e-01, 3, 1.93070e-07
4.94171e-01, 3, 2.68270e-07
4.94171e-01, 3, 3.72759e-07
4.94171e-01, 3, 5.17947e-07
4.94171e-01, 3, 7.19686e-07
4.94171e-01, 3, 1.00000e-06
4.94171e-01, 3, 1.38950e-06
4.94171e-01, 3, 1.93070e-06
4.94171e-01, 3, 2.68270e-06
4.94171e-01, 3, 3.72759e-06
4.94171e-01, 3, 5.17947e-06
4.94171e-01, 3, 7.19686e-06
4.94171e-01, 3, 1.00000e-05
4.94171e-01, 3, 1.38950e-05
4.94171e-01, 3, 1.93070e-05
4.94171e-01, 3, 2.68270e-05
4.94171e-01, 3, 3.72759e-05
4.94171e-01, 3, 5.17947e-05
4.94171e-01, 3, 7.19686e-05
4.94171e-01, 3, 1.00000e-04
6.55129e-01, 3, 1.00000e-11
6.55129e-01, 3, 1.38950e-11
6.55129e-01, 3, 1.93070e-11
6.55129e-01, 3, 2.68270e-11
6.55129e-01, 3, 3.72759e-11
6.55129e-01, 3, 5.17947e-11
6.55129e-01, 3, 7.19686e-11
6.55129e-01, 3, 1.00000e-10
6.55129e-01, 3, 1.38950e-10
6.55129e-01, 3, 1.93070e-10
6.55129e-01, 3, 2.68270e-10
6.55129e-01, 3, 3.72759e-10
6.55129e-01, 3, 5.17947e-10
6.55129e-01, 3, 7.19686e-10
6.55129e-01, 3, 1.00000e-09
6.55129e-01, 3, 1.38950e-09
6.55129e-01, 3, 1.93070e-09
6.55129e-01, 3, 2.68270e-09
6.55129e-01, 3, 3.72759e-09
6.55129e-01, 3, 5.17947e-09
6.55129e-01, 3, 7.19686e-09
6.55129e-01, 3, 1.00000e-08
6.55129e-01, 3, 1.38950e-08
6.55129e-01, 3, 1.93070e-08
6.55129e-01, 3, 2.68270e-08
6.55129e-01, 3, 3.72759e-08
6.55129e-01, 3, 5.17947e-08
6.55129e-01, 3, 7.19686e-08
6.55129e-01, 3, 1.00000e-07
6.55129e-01, 3, 1.38950e-07
6.55129e-01, 3, 1.93070e-07
6.55129e-01, 3, 2.68270e-07
6.55129e-01, 3, 3.72759e-07
6.55129e-01, 3, 5.17947e-07
6.55129e-01, 3, 7.19686e-07
6.55129e-01, 3, 1.00000e-06
6.55129e-01, 3, 1.38950e-06
6.55129e-01, 3, 1.93070e-06
6.55129e-01, 3, 2.68270e-06
6.55129e-01, 3, 3.72759e-06
6.55129e-01, 3, 5.17947e-06
6.55129e-01, 3, 7.19686e-06
6.55129e-01, 3, 1.00000e-05
6.55129e-01, 3, 1.38950e-05
6.55129e-01, 3, 1.93070e-05
6.55129e-01, 3, 2.68270e-05
6.55129e-01, 3, 3.72759e-05
6.55129e-01, 3, 5.17947e-05
6.55129e-01, 3, 7.19686e-05
6.55129e-01, 3, 1.00000e-04
8.68511e-01, 3, 1.00000e-11
8.68511e-01, 3, 1.38950e-11
8.68511e-01, 3, 1.93070e-11
8.68511e-01, 3, 2.68270e-11
8.68511e-01, 3, 3.72759e-11
8.68511e-01, 3, 5.17947e-11
8.68511e-01, 3, 7.19686e-11
8.68511e-01, 3, 1.00000e-10
8.68511e-01, 3, 1.38950e-10
8.68511e-01, 3, 1.93070e-10
8.68511e-01, 3, 2.68270e-10
8.68511e-01, 3, 3.72759e-10
8.68511e-01, 3, 5.17947e-10
8.68511e-01, 3, 7.19686e-10
8.68511e-01, 3, 1.00000e-09
8.68511e-01, 3, 1.38950e-09
8.68511e-01, 3, 1.93070e-09
8.68511e-01, 3, 2.68270e-09
8.68511e-01, 3, 3.72759e-09
8.68511e-01, 3, 5.17947e-09
8.68511e-01, 3, 7.19686e-09
8.68511e-01, 3, 1.00000e-08
8.68511e-01, 3, 1.38950e-08
8.68511e-01, 3, 1.93070e-08
8.68511e-01, 3, 2.68270e-08
8.68511e-01, 3, 3.72759e-08
8.68511e-01, 3, 5.17947e-08
8.68511e-01, 3, 7.19686e-08
8.68511e-01, 3, 1.00000e-07
8.68511e-01, 3, 1.38950e-07
8.68511e-01, 3, 1.93070e-07
8.68511e-01, 3, 2.68270e-07
8.68511e-01, 3, 3.72759e-07
8.68511e-01, 3, 5.17947e-07
8.68511e-01, 3, 7.19686e-07
8.68511e-01, 3, 1.00000e-06
8.68511e-01, 3, 1.38950e-06
8.68511e-01, 3, 1.93070e-06
8.68511e-01, 3, 2.68270e-06
8.68511e-01, 3, 3.72759e-06
8.68511e-01, 3, 5.17947e-06
8.68511e-01, 3, 7.19686e-06
8.68511e-01, 3, 1.00000e-05
8.68511e-01, 3, 1.38950e-05
8.68511e-01, 3, 1.93070e-05
8.68511e-01, 3, 2.68270e-05
8.68511e-01, 3, 3.72759e-05
8.68511e-01, 3, 5.17947e-05
8.68511e-01, 3, 7.19686e-05
8.68511e-01, 3, 1.00000e-04
1.15140e+00, 3, 1.00000e-11
1.15140e+00, 3, 1.38950e-11
1.15140e+00, 3, 1.93070e-11
1.15140e+00, 3, 2.68270e-11
1.15140e+00, 3, 3.72759e-11
1.15140e+00, 3, 5.17947e-11
1.15140e+00, 3, 7.19686e-11
1.15140e+00, 3, 1.00000e-10
1.15140e+00, 3, 1.38950e-10
1.15140e+00, 3, 1.93070e-10
1.15140e+00, 3, 2.68270e-10
1.15140e+00, 3, 3.72759e-10
1.15140e+00, 3, 5.17947e-10
1.15140e+00, 3, 7.19686e-10
1.15140e+00, 3, 1.00000e-09
1.15140e+00, 3, 1.38950e-09
1.15140e+00, 3, 1.93070e-09
1.15140e+00, 3, 2.68270e-09
1.15140e+00, 3, 3.72759e-09
1.15140e+00, 3, 5.17947e-09
1.15140e+00, 3, 7.19686e-09
1.15140e+00, 3, 1.00000e-08
1.15140e+00, 3, 1.38950e-08
1.15140e+00, 3, 1.93070e-08
1.15140e+00, 3, 2.68270e-08
1.15140e+00, 3, 3.72759e-08
1.15140e+00, 3, 5.17947e-08
1.15140e+00, 3, 7.19686e-08
1.15140e+00, 3, 1.00000e-07
1.15140e+00, 3, 1.38950e-07
1.15140e+00, 3, 1.93070e-07
1.15140e+00, 3, 2.68270e-07
1.15140e+00, 3, 3.72759e-07
1.15140e+00, 3, 5.17947e-07
1.15140e+00, 3, 7.19686e-07
1.15140e+00, 3, 1.00000e-06
1.15140e+00, 3, 1.38950e-06
1.15140e+00, 3, 1.93070e-06
1.15140e+00, 3, 2.68270e-06
1.15140e+00, 3, 3.72759e-06
1.15140e+00, 3, 5.17947e-06
1.15140e+00, 3, 7.19686e-06
1.15140e+00, 3, 1.00000e-05
1.15140e+00, 3, 1.38950e-05
1.15140e+00, 3, 1.93070e-05
1.15140e+00, 3, 2.68270e-05
1.15140e+00, 3, 3.72759e-05
1.15140e+00, 3, 5.17947e-05
1.15140e+00, 3, 7.19686e-05
1.15140e+00, 3, 1.00000e-04
1.52642e+00, 3, 1.00000e-11
1.52642e+00, 3, 1.38950e-11
1.52642e+00, 3, 1.93070e-11
1.52642e+00, 3, 2.68270e-11
1.52642e+00, 3, 3.72759e-11
1.52642e+00, 3, 5.17947e-11
1.52642e+00, 3, 7.19686e-11
1.52642e+00, 3, 1.00000e-10
1.52642e+00, 3, 1.38950e-10
1.52642e+00, 3, 1.93070e-10
1.52642e+00, 3, 2.68270e-10
1.52642e+00, 3, 3.72759e-10
1.52642e+00, 3, 5.17947e-10
1.52642e+00, 3, 7.19686e-10
1.52642e+00, 3, 1.00000e-09
1.52642e+00, 3, 1.38950e-09
1.52642e+00, 3, 1.93070e-09
1.52642e+00, 3, 2.68270e-09
1.52642e+00, 3, 3.72759e-09
1.52642e+00, 3, 5.17947e-09
1.52642e+00, 3, 7.19686e-09
1.52642e+00, 3, 1.00000e-08
1.52642e+00, 3, 1.38950e-08
1.52642e+00, 3, 1.93070e-08
1.52642e+00, 3, 2.68270e-08
1.52642e+00, 3, 3.72759e-08
1.52642e+00, 3, 5.17947e-08
1.52642e+00, 3, 7.19686e-08
1.52642e+00, 3, 1.00000e-07
1.52642e+00, 3, 1.38950e-07
1.52642e+00, 3, 1.93070e-07
1.52642e+00, 3, 2.68270e-07
1.52642e+00, 3, 3.72759e-07
1.52642e+00, 3, 5.17947e-07
1.52642e+00, 3, 7.19686e-07
1.52642e+00, 3, 1.00000e-06
1.52642e+00, 3, 1.38950e-06
1.52642e+00, 3, 1.93070e-06
1.52642e+00, 3, 2.68270e-06
1.52642e+00, 3, 3.72759e-06
1.52642e+00, 3, 5.17947e-06
1.52642e+00, 3, 7.19686e-06
1.52642e+00, 3, 1.00000e-05
1.52642e+00, 3, 1.38950e-05
1.52642e+00, 3, 1.93070e-05
1.52642e+00, 3, 2.68270e-05
1.52642e+00, 3, 3.72759e-05
1.52642e+00, 3, 5.17947e-05
1.52642e+00, 3, 7.19686e-05
1.52642e+00, 3, 1.00000e-04
2.02359e+00, 3, 1.00000e-11
2.02359e+00, 3, 1.38950e-11
2.02359e+00, 3, 1.93070e-11
2.02359e+00, 3, 2.68270e-11
2.02359e+00, 3, 3.72759e-11
2.02359e+00, 3, 5.17947e-11
2.02359e+00, 3, 7.19686e-11
2.02359e+00, 3, 1.00000e-10
2.02359e+00, 3, 1.38950e-10
2.02359e+00, 3, 1.93070e-10
2.02359e+00, 3, 2.68270e-10
2.02359e+00, 3, 3.72759e-10
2.02359e+00, 3, 5.17947e-10
2.02359e+00, 3, 7.19686e-10
2.02359e+00, 3, 1.00000e-09
2.02359e+00, 3, 1.38950e-09
2.02359e+00, 3, 1.93070e-09
2.02359e+00, 3, 2.68270e-09
2.02359e+00, 3, 3.72759e-09
2.02359e+00, 3, 5.17947e-09
2.02359e+00, 3, 7.19686e-09
2.02359e+00, 3, 1.00000e-08
2.02359e+00, 3, 1.38950e-08
2.02359e+00, 3, 1.93070e-08
2.02359e+00, 3, 2.68270e-08
2.02359e+00, 3, 3.72759e-08
2.02359e+00, 3, 5.17947e-08
2.02359e+00, 3, 7.19686e-08
2.02359e+00, 3, 1.00000e-07
2.02359e+00, 3, 1.38950e-07
2.02359e+00, 3, 1.93070e-07
2.02359e+00, 3, 2.68270e-07
2.02359e+00, 3, 3.72759e-07
2.02359e+00, 3, 5.17947e-07
2.02359e+00, 3, 7.19686e-07
2.02359e+00, 3, 1.00000e-06
2.02359e+00, 3, 1.38950e-06
2.02359e+00, 3, 1.93070e-06
2.02359e+00, 3, 2.68270e-06
2.02359e+00, 3, 3.72759e-06
2.02359e+00, 3, 5.17947e-06
2.02359e+00, 3, 7.19686e-06
2.02359e+00, 3, 1.00000e-05
2.02359e+00, 3, 1.38950e-05
2.02359e+00, 3, 1.93070e-05
2.02359e+00, 3, 2.68270e-05
2.02359e+00, 3, 3.72759e-05
2.02359e+00, 3, 5.17947e-05
2.02359e+00, 3, 7.19686e-05
2.02359e+00, 3, 1.00000e-04
2.68270e+00, 3, 1.00000e-11
2.68270e+00, 3, 1.38950e-11
2.68270e+00, 3, 1.93070e-11
2.68270e+00, 3, 2.68270e-11
2.68270e+00, 3, 3.72759e-11
2.68270e+00, 3, 5.17947e-11
2.68270e+00, 3, 7.19686e-11
2.68270e+00, 3, 1.00000e-10
2.68270e+00, 3, 1.38950e-10
2.68270e+00, 3, 1.93070e-10
2.68270e+00, 3, 2.68270e-10
2.68270e+00, 3, 3.72759e-10
2.68270e+00, 3, 5.17947e-10
2.68270e+00, 3, 7.19686e-10
2.68270e+00, 3, 1.00000e-09
2.68270e+00, 3, 1.38950e-09
2.68270e+00, 3, 1.93070e-09
2.68270e+00, 3, 2.68270e-09
2.68270e+00, 3, 3.72759e-09
2.68270e+00, 3, 5.17947e-09
2.68270e+00, 3, 7.19686e-09
2.68270e+00, 3, 1.00000e-08
2.68270e+00, 3, 1.38950e-08
2.68270e+00, 3, 1.93070e-08
2.68270e+00, 3, 2.68270e-08
2.68270e+00, 3, 3.72759e-08
2.68270e+00, 3, 5.17947e-08
2.68270e+00, 3, 7.19686e-08
2.68270e+00, 3, 1.00000e-07
2.68270e+00, 3, 1.38950e-07
2.68270e+00, 3, 1.93070e-07
2.68270e+00, 3, 2.68270e-07
2.68270e+00, 3, 3.72759e-07
2.68270e+00, 3, 5.17947e-07
2.68270e+00, 3, 7.19686e-07
2.68270e+00, 3, 1.00000e-06
2.68270e+00, 3, 1.38950e-06
2.68270e+00, 3, 1.93070e-06
2.68270e+00, 3, 2.68270e-06
2.68270e+00, 3, 3.72759e-06
2.68270e+00, 3, 5.17947e-06
2.68270e+00, 3, 7.19686e-06
2.68270e+00, 3, 1.00000e-05
2.68270e+00, 3, 1.38950e-05
2.68270e+00, 3, 1.93070e-05
2.68270e+00, 3, 2.68270e-05
2.68270e+00, 3, 3.72759e-05
2.68270e+00, 3, 5.17947e-05
2.68270e+00, 3, 7.19686e-05
2.68270e+00, 3, 1.00000e-04
3.55648e+00, 3, 1.00000e-11
3.55648e+00, 3, 1.38950e-11
3.55648e+00, 3, 1.93070e-11
3.55648e+00, 3, 2.68270e-11
3.55648e+00, 3, 3.72759e-11
3.55648e+00, 3, 5.17947e-11
3.55648e+00, 3, 7.19686e-11
3.55648e+00, 3, 1.00000e-10
3.55648e+00, 3, 1.38950e-10
3.55648e+00, 3, 1.93070e-10
3.55648e+00, 3, 2.68270e-10
3.55648e+00, 3, 3.72759e-10
3.55648e+00, 3, 5.17947e-10
3.55648e+00, 3, 7.19686e-10
3.55648e+00, 3, 1.00000e-09
3.55648e+00, 3, 1.38950e-09
3.55648e+00, 3, 1.93070e-09
3.55648e+00, 3, 2.68270e-09
3.55648e+00, 3, 3.72759e-09
3.55648e+00, 3, 5.17947e-09
3.55648e+00, 3, 7.19686e-09
3.55648e+00, 3, 1.00000e-08
3.55648e+00, 3, 1.38950e-08
3.55648e+00, 3, 1.93070e-08
3.55648e+00, 3, 2.68270e-08
3.55648e+00, 3, 3.72759e-08
3.55648e+00, 3, 5.17947e-08
3.55648e+00, 3, 7.19686e-08
3.55648e+00, 3, 1.00000e-07
3.55648e+00, 3, 1.38950e-07
3.55648e+00, 3, 1.93070e-07
3.55648e+00, 3, 2.68270e-07
3.55648e+00, 3, 3.72759e-07
3.55648e+00, 3, 5.17947e-07
3.55648e+00, 3, 7.19686e-07
3.55648e+00, 3, 1.00000e-06
3.55648e+00, 3, 1.38950e-06
3.55648e+00, 3, 1.93070e-06
3.55648e+00, 3, 2.68270e-06
3.55648e+00, 3, 3.72759e-06
3.55648e+00, 3, 5.17947e-06
3.55648e+00, 3, 7.19686e-06
3.55648e+00, 3, 1.00000e-05
3.55648e+00, 3, 1.38950e-05
3.55648e+00, 3, 1.93070e-05
3.55648e+00, 3, 2.68270e-05
3.55648e+00, 3, 3.72759e-05
3.55648e+00, 3, 5.17947e-05
3.55648e+00, 3, 7.19686e-05
3.55648e+00, 3, 1.00000e-04
4.71487e+00, 3, 1.00000e-11
4.71487e+00, 3, 1.38950e-11
4.71487e+00, 3, 1.93070e-11
4.71487e+00, 3, 2.68270e-11
4.71487e+00, 3, 3.72759e-11
4.71487e+00, 3, 5.17947e-11
4.71487e+00, 3, 7.19686e-11
4.71487e+00, 3, 1.00000e-10
4.71487e+00, 3, 1.38950e-10
4.71487e+00, 3, 1.93070e-10
4.71487e+00, 3, 2.68270e-10
4.71487e+00, 3, 3.72759e-10
4.71487e+00, 3, 5.17947e-10
4.71487e+00, 3, 7.19686e-10
4.71487e+00, 3, 1.00000e-09
4.71487e+00, 3, 1.38950e-09
4.71487e+00, 3, 1.93070e-09
4.71487e+00, 3, 2.68270e-09
4.71487e+00, 3, 3.72759e-09
4.71487e+00, 3, 5.17947e-09
4.71487e+00, 3, 7.19686e-09
4.71487e+00, 3, 1.00000e-08
4.71487e+00, 3, 1.38950e-08
4.71487e+00, 3, 1.93070e-08
4.71487e+00, 3, 2.68270e-08
4.71487e+00, 3, 3.72759e-08
4.71487e+00, 3, 5.17947e-08
4.71487e+00, 3, 7.19686e-08
4.71487e+00, 3, 1.00000e-07
4.71487e+00, 3, 1.38950e-07
4.71487e+00, 3, 1.93070e-07
4.71487e+00, 3, 2.68270e-07
4.71487e+00, 3, 3.72759e-07
4.71487e+00, 3, 5.17947e-07
4.71487e+00, 3, 7.19686e-07
4.71487e+00, 3, 1.00000e-06
4.71487e+00, 3, 1.38950e-06
4.71487e+00, 3, 1.93070e-06
4.71487e+00, 3, 2.68270e-06
4.71487e+00, 3, 3.72759e-06
4.71487e+00, 3, 5.17947e-06
4.71487e+00, 3, 7.19686e-06
4.71487e+00, 3, 1.00000e-05
4.71487e+00, 3, 1.38950e-05
4.71487e+00, 3, 1.93070e-05
4.71487e+00, 3, 2.68270e-05
4.71487e+00, 3, 3.72759e-05
4.71487e+00, 3, 5.17947e-05
4.71487e+00, 3, 7.19686e-05
4.71487e+00, 3, 1.00000e-04
6.25055e+00, 3, 1.00000e-11
6.25055e+00, 3, 1.38950e-11
6.25055e+00, 3, 1.93070e-11
6.25055e+00, 3, 2.68270e-11
6.25055e+00, 3, 3.72759e-11
6.25055e+00, 3, 5.17947e-11
6.25055e+00, 3, 7.19686e-11
6.25055e+00, 3, 1.00000e-10
6.25055e+00, 3, 1.38950e-10
6.25055e+00, 3, 1.93070e-10
6.25055e+00, 3, 2.68270e-10
6.25055e+00, 3, 3.72759e-10
6.25055e+00, 3, 5.17947e-10
6.25055e+00, 3, 7.19686e-10
6.25055e+00, 3, 1.00000e-09
6.25055e+00, 3, 1.38950e-09
6.25055e+00, 3, 1.93070e-09
6.25055e+00, 3, 2.68270e-09
6.25055e+00, 3, 3.72759e-09
6.25055e+00, 3, 5.17947e-09
6.25055e+00, 3, 7.19686e-09
6.25055e+00, 3, 1.00000e-08
6.25055e+00, 3, 1.38950e-08
6.25055e+00, 3, 1.93070e-08
6.25055e+00, 3, 2.68270e-08
6.25055e+00, 3, 3.72759e-08
6.25055e+00, 3, 5.17947e-08
6.25055e+00, 3, 7.19686e-08
6.25055e+00, 3, 1.00000e-07
6.25055e+00, 3, 1.38950e-07
6.25055e+00, 3, 1.93070e-07
6.25055e+00, 3, 2.68270e-07
6.25055e+00, 3, 3.72759e-07
6.25055e+00, 3, 5.17947e-07
6.25055e+00, 3, 7.19686e-07
6.25055e+00, 3, 1.00000e-06
6.25055e+00, 3, 1.38950e-06
6.25055e+00, 3, 1.93070e-06
6.25055e+00, 3, 2.68270e-06
6.25055e+00, 3, 3.72759e-06
6.25055e+00, 3, 5.17947e-06
6.25055e+00, 3, 7.19686e-06
6.25055e+00, 3, 1.00000e-05
6.25055e+00, 3, 1.38950e-05
6.25055e+00, 3, 1.93070e-05
6.25055e+00, 3, 2.68270e-05
6.25055e+00, 3, 3.72759e-05
6.25055e+00, 3, 5.17947e-05
6.25055e+00, 3, 7.19686e-05
6.25055e+00, 3, 1.00000e-04
8.28643e+00, 3, 1.00000e-11
8.28643e+00, 3, 1.38950e-11
8.28643e+00, 3, 1.93070e-11
8.28643e+00, 3, 2.68270e-11
8.28643e+00, 3, 3.72759e-11
8.28643e+00, 3, 5.17947e-11
8.28643e+00, 3, 7.19686e-11
8.28643e+00, 3, 1.00000e-10
8.28643e+00, 3, 1.38950e-10
8.28643e+00, 3, 1.93070e-10
8.28643e+00, 3, 2.68270e-10
8.28643e+00, 3, 3.72759e-10
8.28643e+00, 3, 5.17947e-10
8.28643e+00, 3, 7.19686e-10
8.28643e+00, 3, 1.00000e-09
8.28643e+00, 3, 1.38950e-09
8.28643e+00, 3, 1.93070e-09
8.28643e+00, 3, 2.68270e-09
8.28643e+00, 3, 3.72759e-09
8.28643e+00, 3, 5.17947e-09
8.28643e+00, 3, 7.19686e-09
8.28643e+00, 3, 1.00000e-08
8.28643e+00, 3, 1.38950e-08
8.28643e+00, 3, 1.93070e-08
8.28643e+00, 3, 2.68270e-08
8.28643e+00, 3, 3.72759e-08
8.28643e+00, 3, 5.17947e-08
8.28643e+00, 3, 7.19686e-08
8.28643e+00, 3, 1.00000e-07
8.28643e+00, 3, 1.38950e-07
8.28643e+00, 3, 1.93070e-07
8.28643e+00, 3, 2.68270e-07
8.28643e+00, 3, 3.72759e-07
8.28643e+00, 3, 5.17947e-07
8.28643e+00, 3, 7.19686e-07
8.28643e+00, 3, 1.00000e-06
8.28643e+00, 3, 1.38950e-06
8.28643e+00, 3, 1.93070e-06
8.28643e+00, 3, 2.68270e-06
8.28643e+00, 3, 3.72759e-06
8.28643e+00, 3, 5.17947e-06
8.28643e+00, 3, 7.19686e-06
8.28643e+00, 3, 1.00000e-05
8.28643e+00, 3, 1.38950e-05
8.28643e+00, 3, 1.93070e-05
8.28643e+00, 3, 2.68270e-05
8.28643e+00, 3, 3.72759e-05
8.28643e+00, 3, 5.17947e-05
8.28643e+00, 3, 7.19686e-05
8.28643e+00, 3, 1.00000e-04
1.09854e+01, 3, 1.00000e-11
1.09854e+01, 3, 1.38950e-11
1.09854e+01, 3, 1.93070e-11
1.09854e+01, 3, 2.68270e-11
1.09854e+01, 3, 3.72759e-11
1.09854e+01, 3, 5.17947e-11
1.09854e+01, 3, 7.19686e-11
1.09854e+01, 3, 1.00000e-10
1.09854e+01, 3, 1.38950e-10
1.09854e+01, 3, 1.93070e-10
1.09854e+01, 3, 2.68270e-10
1.09854e+01, 3, 3.72759e-10
1.09854e+01, 3, 5.17947e-10
1.09854e+01, 3, 7.19686e-10
1.09854e+01, 3, 1.00000e-09
1.09854e+01, 3, 1.38950e-09
1.09854e+01, 3, 1.93070e-09
1.09854e+01, 3, 2.68270e-09
1.09854e+01, 3, 3.72759e-09
1.09854e+01, 3, 5.17947e-09
1.09854e+01, 3, 7.19686e-09
1.09854e+01, 3, 1.00000e-08
1.09854e+01, 3, 1.38950e-08
1.09854e+01, 3, 1.93070e-08
1.09854e+01, 3, 2.68270e-08
1.09854e+01, 3, 3.72759e-08
1.09854e+01, 3, 5.17947e-08
1.09854e+01, 3, 7.19686e-08
1.09854e+01, 3, 1.00000e-07
1.09854e+01, 3, 1.38950e-07
1.09854e+01, 3, 1.93070e-07
1.09854e+01, 3, 2.68270e-07
1.09854e+01, 3, 3.72759e-07
1.09854e+01, 3, 5.17947e-07
1.09854e+01, 3, 7.19686e-07
1.09854e+01, 3, 1.00000e-06
1.09854e+01, 3, 1.38950e-06
1.09854e+01, 3, 1.93070e-06
1.09854e+01, 3, 2.68270e-06
1.09854e+01, 3, 3.72759e-06
1.09854e+01, 3, 5.17947e-06
1.09854e+01, 3, 7.19686e-06
1.09854e+01, 3, 1.00000e-05
1.09854e+01, 3, 1.38950e-05
1.09854e+01, 3, 1.93070e-05
1.09854e+01, 3, 2.68270e-05
1.09854e+01, 3, 3.72759e-05
1.09854e+01, 3, 5.17947e-05
1.09854e+01, 3, 7.19686e-05
1.09854e+01, 3, 1.00000e-04
1.45635e+01, 3, 1.00000e-11
1.45635e+01, 3, 1.38950e-11
1.45635e+01, 3, 1.93070e-11
1.45635e+01, 3, 2.68270e-11
1.45635e+01, 3, 3.72759e-11
1.45635e+01, 3, 5.17947e-11
1.45635e+01, 3, 7.19686e-11
1.45635e+01, 3, 1.00000e-10
1.45635e+01, 3, 1.38950e-10
1.45635e+01, 3, 1.93070e-10
1.45635e+01, 3, 2.68270e-10
1.45635e+01, 3, 3.72759e-10
1.45635e+01, 3, 5.17947e-10
1.45635e+01, 3, 7.19686e-10
1.45635e+01, 3, 1.00000e-09
1.45635e+01, 3, 1.38950e-09
1.45635e+01, 3, 1.93070e-09
1.45635e+01, 3, 2.68270e-09
1.45635e+01, 3, 3.72759e-09
1.45635e+01, 3, 5.17947e-09
1.45635e+01, 3, 7.19686e-09
1.45635e+01, 3, 1.00000e-08
1.45635e+01, 3, 1.38950e-08
1.45635e+01, 3, 1.93070e-08
1.45635e+01, 3, 2.68270e-08
1.45635e+01, 3, 3.72759e-08
1.45635e+01, 3, 5.17947e-08
1.45635e+01, 3, 7.19686e-08
1.45635e+01, 3, 1.00000e-07
1.45635e+01, 3, 1.38950e-07
1.45635e+01, 3, 1.93070e-07
1.45635e+01, 3, 2.68270e-07
1.45635e+01, 3, 3.72759e-07
1.45635e+01, 3, 5.17947e-07
1.45635e+01, 3, 7.19686e-07
1.45635e+01, 3, 1.00000e-06
1.45635e+01, 3, 1.38950e-06
1.45635e+01, 3, 1.93070e-06
1.45635e+01, 3, 2.68270e-06
1.45635e+01, 3, 3.72759e-06
1.45635e+01, 3, 5.17947e-06
1.45635e+01, 3, 7.19686e-06
1.45635e+01, 3, 1.00000e-05
1.45635e+01, 3, 1.38950e-05
1.45635e+01, 3, 1.93070e-05
1.45635e+01, 3, 2.68270e-05
1.45635e+01, 3, 3.72759e-05
1.45635e+01, 3, 5.17947e-05
1.45635e+01, 3, 7.19686e-05
1.45635e+01, 3, 1.00000e-04
1.93070e+01, 3, 1.00000e-11
1.93070e+01, 3, 1.38950e-11
1.93070e+01, 3, 1.93070e-11
1.93070e+01, 3, 2.68270e-11
1.93070e+01, 3, 3.72759e-11
1.93070e+01, 3, 5.17947e-11
1.93070e+01, 3, 7.19686e-11
1.93070e+01, 3, 1.00000e-10
1.93070e+01, 3, 1.38950e-10
1.93070e+01, 3, 1.93070e-10
1.93070e+01, 3, 2.68270e-10
1.93070e+01, 3, 3.72759e-10
1.93070e+01, 3, 5.17947e-10
1.93070e+01, 3, 7.19686e-10
1.93070e+01, 3, 1.00000e-09
1.93070e+01, 3, 1.38950e-09
1.93070e+01, 3, 1.93070e-09
1.93070e+01, 3, 2.68270e-09
1.93070e+01, 3, 3.72759e-09
1.93070e+01, 3, 5.17947e-09
1.93070e+01, 3, 7.19686e-09
1.93070e+01, 3, 1.00000e-08
1.93070e+01, 3, 1.38950e-08
1.93070e+01, 3, 1.93070e-08
1.93070e+01, 3, 2.68270e-08
1.93070e+01, 3, 3.72759e-08
1.93070e+01, 3, 5.17947e-08
1.93070e+01, 3, 7.19686e-08
1.93070e+01, 3, 1.00000e-07
1.93070e+01, 3, 1.38950e-07
1.93070e+01, 3, 1.93070e-07
1.93070e+01, 3, 2.68270e-07
1.93070e+01, 3, 3.72759e-07
1.93070e+01, 3, 5.17947e-07
1.93070e+01, 3, 7.19686e-07
1.93070e+01, 3, 1.00000e-06
1.93070e+01, 3, 1.38950e-06
1.93070e+01, 3, 1.93070e-06
1.93070e+01, 3, 2.68270e-06
1.93070e+01, 3, 3.72759e-06
1.93070e+01, 3, 5.17947e-06
1.93070e+01, 3, 7.19686e-06
1.93070e+01, 3, 1.00000e-05
1.93070e+01, 3, 1.38950e-05
1.93070e+01, 3, 1.93070e-05
1.93070e+01, 3, 2.68270e-05
1.93070e+01, 3, 3.72759e-05
1.93070e+01, 3, 5.17947e-05
1.93070e+01, 3, 7.19686e-05
1.93070e+01, 3, 1.00000e-04
2.55955e+01, 3, 1.00000e-11
2.55955e+01, 3, 1.38950e-11
2.55955e+01, 3, 1.93070e-11
2.55955e+01, 3, 2.68270e-11
2.55955e+01, 3, 3.72759e-11
2.55955e+01, 3, 5.17947e-11
2.55955e+01, 3, 7.19686e-11
2.55955e+01, 3, 1.00000e-10
2.55955e+01, 3, 1.38950e-10
2.55955e+01, 3, 1.93070e-10
2.55955e+01, 3, 2.68270e-10
2.55955e+01, 3, 3.72759e-10
2.55955e+01, 3, 5.17947e-10
2.55955e+01, 3, 7.19686e-10
2.55955e+01, 3, 1.00000e-09
2.55955e+01, 3, 1.38950e-09
2.55955e+01, 3, 1.93070e-09
2.55955e+01, 3, 2.68270e-09
2.55955e+01, 3, 3.72759e-09
2.55955e+01, 3, 5.17947e-09
2.55955e+01, 3, 7.19686e-09
2.55955e+01, 3, 1.00000e-08
2.55955e+01, 3, 1.38950e-08
2.55955e+01, 3, 1.93070e-08
2.55955e+01, 3, 2.68270e-08
2.55955e+01, 3, 3.72759e-08
2.55955e+01, 3, 5.17947e-08
2.55955e+01, 3, 7.19686e-08
2.55955e+01, 3, 1.00000e-07
2.55955e+01, 3, 1.38950e-07
2.55955e+01, 3, 1.93070e-07
2.55955e+01, 3, 2.68270e-07
2.55955e+01, 3, 3.72759e-07
2.55955e+01, 3, 5.17947e-07
2.55955e+01, 3, 7.19686e-07
2.55955e+01, 3, 1.00000e-06
2.55955e+01, 3, 1.38950e-06
2.55955e+01, 3, 1.93070e-06
2.55955e+01, 3, 2.68270e-06
2.55955e+01, 3, 3.72759e-06
2.55955e+01, 3, 5.17947e-06
2.55955e+01, 3, 7.19686e-06
2.55955e+01, 3, 1.00000e-05
2.55955e+01, 3, 1.38950e-05
2.55955e+01, 3, 1.93070e-05
2.55955e+01, 3, 2.68270e-05
2.55955e+01, 3, 3.72759e-05
2.55955e+01, 3, 5.17947e-05
2.55955e+01, 3, 7.19686e-05
2.55955e+01, 3, 1.00000e-04
3.39322e+01, 3, 1.00000e-11
3.39322e+01, 3, 1.38950e-11
3.39322e+01, 3, 1.93070e-11
3.39322e+01, 3, 2.68270e-11
3.39322e+01, 3, 3.72759e-11
3.39322e+01, 3, 5.17947e-11
3.39322e+01, 3, 7.19686e-11
3.39322e+01, 3, 1.00000e-10
3.39322e+01, 3, 1.38950e-10
3.39322e+01, 3, 1.93070e-10
3.39322e+01, 3, 2.68270e-10
3.39322e+01, 3, 3.72759e-10
3.39322e+01, 3, 5.17947e-10
3.39322e+01, 3, 7.19686e-10
3.39322e+01, 3, 1.00000e-09
3.39322e+01, 3, 1.38950e-09
3.39322e+01, 3, 1.93070e-09
3.39322e+01, 3, 2.68270e-09
3.39322e+01, 3, 3.72759e-09
3.39322e+01, 3, 5.17947e-09
3.39322e+01, 3, 7.19686e-09
3.39322e+01, 3, 1.00000e-08
3.39322e+01, 3, 1.38950e-08
3.39322e+01, 3, 1.93070e-08
3.39322e+01, 3, 2.68270e-08
3.39322e+01, 3, 3.72759e-08
3.39322e+01, 3, 5.17947e-08
3.39322e+01, 3, 7.19686e-08
3.39322e+01, 3, 1.00000e-07
3.39322e+01, 3, 1.38950e-07
3.39322e+01, 3, 1.93070e-07
3.39322e+01, 3, 2.68270e-07
3.39322e+01, 3, 3.72759e-07
3.39322e+01, 3, 5.17947e-07
3.39322e+01, 3, 7.19686e-07
3.39322e+01, 3, 1.00000e-06
3.39322e+01, 3, 1.38950e-06
3.39322e+01, 3, 1.93070e-06
3.39322e+01, 3, 2.68270e-06
3.39322e+01, 3, 3.72759e-06
3.39322e+01, 3, 5.17947e-06
3.39322e+01, 3, 7.19686e-06
3.39322e+01, 3, 1.00000e-05
3.39322e+01, 3, 1.38950e-05
3.39322e+01, 3, 1.93070e-05
3.39322e+01, 3, 2.68270e-05
3.39322e+01, 3, 3.72759e-05
3.39322e+01, 3, 5.17947e-05
3.39322e+01, 3, 7.19686e-05
3.39322e+01, 3, 1.00000e-04
4.49843e+01, 3, 1.00000e-11
4.49843e+01, 3, 1.38950e-11
4.49843e+01, 3, 1.93070e-11
4.49843e+01, 3, 2.68270e-11
4.49843e+01, 3, 3.72759e-11
4.49843e+01, 3, 5.17947e-11
4.49843e+01, 3, 7.19686e-11
4.49843e+01, 3, 1.00000e-10
4.49843e+01, 3, 1.38950e-10
4.49843e+01, 3, 1.93070e-10
4.49843e+01, 3, 2.68270e-10
4.49843e+01, 3, 3.72759e-10
4.49843e+01, 3, 5.17947e-10
4.49843e+01, 3, 7.19686e-10
4.49843e+01, 3, 1.00000e-09
4.49843e+01, 3, 1.38950e-09
4.49843e+01, 3, 1.93070e-09
4.49843e+01, 3, 2.68270e-09
4.49843e+01, 3, 3.72759e-09
4.49843e+01, 3, 5.17947e-09
4.49843e+01, 3, 7.19686e-09
4.49843e+01, 3, 1.00000e-08
4.49843e+01, 3, 1.38950e-08
4.49843e+01, 3, 1.93070e-08
4.49843e+01, 3, 2.68270e-08
4.49843e+01, 3, 3.72759e-08
4.49843e+01, 3, 5.17947e-08
4.49843e+01, 3, 7.19686e-08
4.49843e+01, 3, 1.00000e-07
4.49843e+01, 3, 1.38950e-07
4.49843e+01, 3, 1.93070e-07
4.49843e+01, 3, 2.68270e-07
4.49843e+01, 3, 3.72759e-07
4.49843e+01, 3, 5.17947e-07
4.49843e+01, 3, 7.19686e-07
4.49843e+01, 3, 1.00000e-06
4.49843e+01, 3, 1.38950e-06
4.49843e+01, 3, 1.93070e-06
4.49843e+01, 3, 2.68270e-06
4.49843e+01, 3, 3.72759e-06
4.49843e+01, 3, 5.17947e-06
4.49843e+01, 3, 7.19686e-06
4.49843e+01, 3, 1.00000e-05
4.49843e+01, 3, 1.38950e-05
4.49843e+01, 3, 1.93070e-05
4.49843e+01, 3, 2.68270e-05
4.49843e+01, 3, 3.72759e-05
4.49843e+01, 3, 5.17947e-05
4.49843e+01, 3, 7.19686e-05
4.49843e+01, 3, 1.00000e-04
5.96362e+01, 3, 1.00000e-11
5.96362e+01, 3, 1.38950e-11
5.96362e+01, 3, 1.93070e-11
5.96362e+01, 3, 2.68270e-11
5.96362e+01, 3, 3.72759e-11
5.96362e+01, 3, 5.17947e-11
5.96362e+01, 3, 7.19686e-11
5.96362e+01, 3, 1.00000e-10
5.96362e+01, 3, 1.38950e-10
5.96362e+01, 3, 1.93070e-10
5.96362e+01, 3, 2.68270e-10
5.96362e+01, 3, 3.72759e-10
5.96362e+01, 3, 5.17947e-10
5.96362e+01, 3, 7.19686e-10
5.96362e+01, 3, 1.00000e-09
5.96362e+01, 3, 1.38950e-09
5.96362e+01, 3, 1.93070e-09
5.96362e+01, 3, 2.68270e-09
5.96362e+01, 3, 3.72759e-09
5.96362e+01, 3, 5.17947e-09
5.96362e+01, 3, 7.19686e-09
5.96362e+01, 3, 1.00000e-08
5.96362e+01, 3, 1.38950e-08
5.96362e+01, 3, 1.93070e-08
5.96362e+01, 3, 2.68270e-08
5.96362e+01, 3, 3.72759e-08
5.96362e+01, 3, 5.17947e-08
5.96362e+01, 3, 7.19686e-08
5.96362e+01, 3, 1.00000e-07
5.96362e+01, 3, 1.38950e-07
5.96362e+01, 3, 1.93070e-07
5.96362e+01, 3, 2.68270e-07
5.96362e+01, 3, 3.72759e-07
5.96362e+01, 3, 5.17947e-07
5.96362e+01, 3, 7.19686e-07
5.96362e+01, 3, 1.00000e-06
5.96362e+01, 3, 1.38950e-06
5.96362e+01, 3, 1.93070e-06
5.96362e+01, 3, 2.68270e-06
5.96362e+01, 3, 3.72759e-06
5.96362e+01, 3, 5.17947e-06
5.96362e+01, 3, 7.19686e-06
5.96362e+01, 3, 1.00000e-05
5.96362e+01, 3, 1.38950e-05
5.96362e+01, 3, 1.93070e-05
5.96362e+01, 3, 2.68270e-05
5.96362e+01, 3, 3.72759e-05
5.96362e+01, 3, 5.17947e-05
5.96362e+01, 3, 7.19686e-05
5.96362e+01, 3, 1.00000e-04
7.90604e+01, 3, 1.00000e-11
7.90604e+01, 3, 1.38950e-11
7.90604e+01, 3, 1.93070e-11
7.90604e+01, 3, 2.68270e-11
7.90604e+01, 3, 3.72759e-11
7.90604e+01, 3, 5.17947e-11
7.90604e+01, 3, 7.19686e-11
7.90604e+01, 3, 1.00000e-10
7.90604e+01, 3, 1.38950e-10
7.90604e+01, 3, 1.93070e-10
7.90604e+01, 3, 2.68270e-10
7.90604e+01, 3, 3.72759e-10
7.90604e+01, 3, 5.17947e-10
7.90604e+01, 3, 7.19686e-10
7.90604e+01, 3, 1.00000e-09
7.90604e+01, 3, 1.38950e-09
7.90604e+01, 3, 1.93070e-09
7.90604e+01, 3, 2.68270e-09
7.90604e+01, 3, 3.72759e-09
7.90604e+01, 3, 5.17947e-09
7.90604e+01, 3, 7.19686e-09
7.90604e+01, 3, 1.00000e-08
7.90604e+01, 3, 1.38950e-08
7.90604e+01, 3, 1.93070e-08
7.90604e+01, 3, 2.68270e-08
7.90604e+01, 3, 3.72759e-08
7.90604e+01, 3, 5.17947e-08
7.90604e+01, 3, 7.19686e-08
7.90604e+01, 3, 1.00000e-07
7.90604e+01, 3, 1.38950e-07
7.90604e+01, 3, 1.93070e-07
7.90604e+01, 3, 2.68270e-07
7.90604e+01, 3, 3.72759e-07
7.90604e+01, 3, 5.17947e-07
7.90604e+01, 3, 7.19686e-07
7.90604e+01, 3, 1.00000e-06
7.90604e+01, 3, 1.38950e-06
7.90604e+01, 3, 1.93070e-06
7.90604e+01, 3, 2.68270e-06
7.90604e+01, 3, 3.72759e-06
7.90604e+01, 3, 5.17947e-06
7.90604e+01, 3, 7.19686e-06
7.90604e+01, 3, 1.00000e-05
7.90604e+01, 3, 1.38950e-05
7.90604e+01, 3, 1.93070e-05
7.90604e+01, 3, 2.68270e-05
7.90604e+01, 3, 3.72759e-05
7.90604e+01, 3, 5.17947e-05
7.90604e+01, 3, 7.19686e-05
7.90604e+01, 3, 1.00000e-04
1.04811e+02, 3, 1.00000e-11
1.04811e+02, 3, 1.38950e-11
1.04811e+02, 3, 1.93070e-11
1.04811e+02, 3, 2.68270e-11
1.04811e+02, 3, 3.72759e-11
1.04811e+02, 3, 5.17947e-11
1.04811e+02, 3, 7.19686e-11
1.04811e+02, 3, 1.00000e-10
1.04811e+02, 3, 1.38950e-10
1.04811e+02, 3, 1.93070e-10
1.04811e+02, 3, 2.68270e-10
1.04811e+02, 3, 3.72759e-10
1.04811e+02, 3, 5.17947e-10
1.04811e+02, 3, 7.19686e-10
1.04811e+02, 3, 1.00000e-09
1.04811e+02, 3, 1.38950e-09
1.04811e+02, 3, 1.93070e-09
1.04811e+02, 3, 2.68270e-09
1.04811e+02, 3, 3.72759e-09
1.04811e+02, 3, 5.17947e-09
1.04811e+02, 3, 7.19686e-09
1.04811e+02, 3, 1.00000e-08
1.04811e+02, 3, 1.38950e-08
1.04811e+02, 3, 1.93070e-08
1.04811e+02, 3, 2.68270e-08
1.04811e+02, 3, 3.72759e-08
1.04811e+02, 3, 5.17947e-08
1.04811e+02, 3, 7.19686e-08
1.04811e+02, 3, 1.00000e-07
1.04811e+02, 3, 1.38950e-07
1.04811e+02, 3, 1.93070e-07
1.04811e+02, 3, 2.68270e-07
1.04811e+02, 3, 3.72759e-07
1.04811e+02, 3, 5.17947e-07
1.04811e+02, 3, 7.19686e-07
1.04811e+02, 3, 1.00000e-06
1.04811e+02, 3, 1.38950e-06
1.04811e+02, 3, 1.93070e-06
1.04811e+02, 3, 2.68270e-06
1.04811e+02, 3, 3.72759e-06
1.04811e+02, 3, 5.17947e-06
1.04811e+02, 3, 7.19686e-06
1.04811e+02, 3, 1.00000e-05
1.04811e+02, 3, 1.38950e-05
1.04811e+02, 3, 1.93070e-05
1.04811e+02, 3, 2.68270e-05
1.04811e+02, 3, 3.72759e-05
1.04811e+02, 3, 5.17947e-05
1.04811e+02, 3, 7.19686e-05
1.04811e+02, 3, 1.00000e-04
1.38950e+02, 3, 1.00000e-11
1.38950e+02, 3, 1.38950e-11
1.38950e+02, 3, 1.93070e-11
1.38950e+02, 3, 2.68270e-11
1.38950e+02, 3, 3.72759e-11
1.38950e+02, 3, 5.17947e-11
1.38950e+02, 3, 7.19686e-11
1.38950e+02, 3, 1.00000e-10
1.38950e+02, 3, 1.38950e-10
1.38950e+02, 3, 1.93070e-10
1.38950e+02, 3, 2.68270e-10
1.38950e+02, 3, 3.72759e-10
1.38950e+02, 3, 5.17947e-10
1.38950e+02, 3, 7.19686e-10
1.38950e+02, 3, 1.00000e-09
1.38950e+02, 3, 1.38950e-09
1.38950e+02, 3, 1.93070e-09
1.38950e+02, 3, 2.68270e-09
1.38950e+02, 3, 3.72759e-09
1.38950e+02, 3, 5.17947e-09
1.38950e+02, 3, 7.19686e-09
1.38950e+02, 3, 1.00000e-08
1.38950e+02, 3, 1.38950e-08
1.38950e+02, 3, 1.93070e-08
1.38950e+02, 3, 2.68270e-08
1.38950e+02, 3, 3.72759e-08
1.38950e+02, 3, 5.17947e-08
1.38950e+02, 3, 7.19686e-08
1.38950e+02, 3, 1.00000e-07
1.38950e+02, 3, 1.38950e-07
1.38950e+02, 3, 1.93070e-07
1.38950e+02, 3, 2.68270e-07
1.38950e+02, 3, 3.72759e-07
1.38950e+02, 3, 5.17947e-07
1.38950e+02, 3, 7.19686e-07
1.38950e+02, 3, 1.00000e-06
1.38950e+02, 3, 1.38950e-06
1.38950e+02, 3, 1.93070e-06
1.38950e+02, 3, 2.68270e-06
1.38950e+02, 3, 3.72759e-06
1.38950e+02, 3, 5.17947e-06
1.38950e+02, 3, 7.19686e-06
1.38950e+02, 3, 1.00000e-05
1.38950e+02, 3, 1.38950e-05
1.38950e+02, 3, 1.93070e-05
1.38950e+02, 3, 2.68270e-05
1.38950e+02, 3, 3.72759e-05
1.38950e+02, 3, 5.17947e-05
1.38950e+02, 3, 7.19686e-05
1.38950e+02, 3, 1.00000e-04
1.84207e+02, 3, 1.00000e-11
1.84207e+02, 3, 1.38950e-11
1.84207e+02, 3, 1.93070e-11
1.84207e+02, 3, 2.68270e-11
1.84207e+02, 3, 3.72759e-11
1.84207e+02, 3, 5.17947e-11
1.84207e+02, 3, 7.19686e-11
1.84207e+02, 3, 1.00000e-10
1.84207e+02, 3, 1.38950e-10
1.84207e+02, 3, 1.93070e-10
1.84207e+02, 3, 2.68270e-10
1.84207e+02, 3, 3.72759e-10
1.84207e+02, 3, 5.17947e-10
1.84207e+02, 3, 7.19686e-10
1.84207e+02, 3, 1.00000e-09
1.84207e+02, 3, 1.38950e-09
1.84207e+02, 3, 1.93070e-09
1.84207e+02, 3, 2.68270e-09
1.84207e+02, 3, 3.72759e-09
1.84207e+02, 3, 5.17947e-09
1.84207e+02, 3, 7.19686e-09
1.84207e+02, 3, 1.00000e-08
1.84207e+02, 3, 1.38950e-08
1.84207e+02, 3, 1.93070e-08
1.84207e+02, 3, 2.68270e-08
1.84207e+02, 3, 3.72759e-08
1.84207e+02, 3, 5.17947e-08
1.84207e+02, 3, 7.19686e-08
1.84207e+02, 3, 1.00000e-07
1.84207e+02, 3, 1.38950e-07
1.84207e+02, 3, 1.93070e-07
1.84207e+02, 3, 2.68270e-07
1.84207e+02, 3, 3.72759e-07
1.84207e+02, 3, 5.17947e-07
1.84207e+02, 3, 7.19686e-07
1.84207e+02, 3, 1.00000e-06
1.84207e+02, 3, 1.38950e-06
1.84207e+02, 3, 1.93070e-06
1.84207e+02, 3, 2.68270e-06
1.84207e+02, 3, 3.72759e-06
1.84207e+02, 3, 5.17947e-06
1.84207e+02, 3, 7.19686e-06
1.84207e+02, 3, 1.00000e-05
1.84207e+02, 3, 1.38950e-05
1.84207e+02, 3, 1.93070e-05
1.84207e+02, 3, 2.68270e-05
1.84207e+02, 3, 3.72759e-05
1.84207e+02, 3, 5.17947e-05
1.84207e+02, 3, 7.19686e-05
1.84207e+02, 3, 1.00000e-04
2.44205e+02, 3, 1.00000e-11
2.44205e+02, 3, 1.38950e-11
2.44205e+02, 3, 1.93070e-11
2.44205e+02, 3, 2.68270e-11
2.44205e+02, 3, 3.72759e-11
2.44205e+02, 3, 5.17947e-11
2.44205e+02, 3, 7.19686e-11
2.44205e+02, 3, 1.00000e-10
2.44205e+02, 3, 1.38950e-10
2.44205e+02, 3, 1.93070e-10
2.44205e+02, 3, 2.68270e-10
2.44205e+02, 3, 3.72759e-10
2.44205e+02, 3, 5.17947e-10
2.44205e+02, 3, 7.19686e-10
2.44205e+02, 3, 1.00000e-09
2.44205e+02, 3, 1.38950e-09
2.44205e+02, 3, 1.93070e-09
2.44205e+02, 3, 2.68270e-09
2.44205e+02, 3, 3.72759e-09
2.44205e+02, 3, 5.17947e-09
2.44205e+02, 3, 7.19686e-09
2.44205e+02, 3, 1.00000e-08
2.44205e+02, 3, 1.38950e-08
2.44205e+02, 3, 1.93070e-08
2.44205e+02, 3, 2.68270e-08
2.44205e+02, 3, 3.72759e-08
2.44205e+02, 3, 5.17947e-08
2.44205e+02, 3, 7.19686e-08
2.44205e+02, 3, 1.00000e-07
2.44205e+02, 3, 1.38950e-07
2.44205e+02, 3, 1.93070e-07
2.44205e+02, 3, 2.68270e-07
2.44205e+02, 3, 3.72759e-07
2.44205e+02, 3, 5.17947e-07
2.44205e+02, 3, 7.19686e-07
2.44205e+02, 3, 1.00000e-06
2.44205e+02, 3, 1.38950e-06
2.44205e+02, 3, 1.93070e-06
2.44205e+02, 3, 2.68270e-06
2.44205e+02, 3, 3.72759e-06
2.44205e+02, 3, 5.17947e-06
2.44205e+02, 3, 7.19686e-06
2.44205e+02, 3, 1.00000e-05
2.44205e+02, 3, 1.38950e-05
2.44205e+02, 3, 1.93070e-05
2.44205e+02, 3, 2.68270e-05
2.44205e+02, 3, 3.72759e-05
2.44205e+02, 3, 5.17947e-05
2.44205e+02, 3, 7.19686e-05
2.44205e+02, 3, 1.00000e-04
3.23746e+02, 3, 1.00000e-11
3.23746e+02, 3, 1.38950e-11
3.23746e+02, 3, 1.93070e-11
3.23746e+02, 3, 2.68270e-11
3.23746e+02, 3, 3.72759e-11
3.23746e+02, 3, 5.17947e-11
3.23746e+02, 3, 7.19686e-11
3.23746e+02, 3, 1.00000e-10
3.23746e+02, 3, 1.38950e-10
3.23746e+02, 3, 1.93070e-10
3.23746e+02, 3, 2.68270e-10
3.23746e+02, 3, 3.72759e-10
3.23746e+02, 3, 5.17947e-10
3.23746e+02, 3, 7.19686e-10
3.23746e+02, 3, 1.00000e-09
3.23746e+02, 3, 1.38950e-09
3.23746e+02, 3, 1.93070e-09
3.23746e+02, 3, 2.68270e-09
3.23746e+02, 3, 3.72759e-09
3.23746e+02, 3, 5.17947e-09
3.23746e+02, 3, 7.19686e-09
3.23746e+02, 3, 1.00000e-08
3.23746e+02, 3, 1.38950e-08
3.23746e+02, 3, 1.93070e-08
3.23746e+02, 3, 2.68270e-08
3.23746e+02, 3, 3.72759e-08
3.23746e+02, 3, 5.17947e-08
3.23746e+02, 3, 7.19686e-08
3.23746e+02, 3, 1.00000e-07
3.23746e+02, 3, 1.38950e-07
3.23746e+02, 3, 1.93070e-07
3.23746e+02, 3, 2.68270e-07
3.23746e+02, 3, 3.72759e-07
3.23746e+02, 3, 5.17947e-07
3.23746e+02, 3, 7.19686e-07
3.23746e+02, 3, 1.00000e-06
3.23746e+02, 3, 1.38950e-06
3.23746e+02, 3, 1.93070e-06
3.23746e+02, 3, 2.68270e-06
3.23746e+02, 3, 3.72759e-06
3.23746e+02, 3, 5.17947e-06
3.23746e+02, 3, 7.19686e-06
3.23746e+02, 3, 1.00000e-05
3.23746e+02, 3, 1.38950e-05
3.23746e+02, 3, 1.93070e-05
3.23746e+02, 3, 2.68270e-05
3.23746e+02, 3, 3.72759e-05
3.23746e+02, 3, 5.17947e-05
3.23746e+02, 3, 7.19686e-05
3.23746e+02, 3, 1.00000e-04
4.29193e+02, 3, 1.00000e-11
4.29193e+02, 3, 1.38950e-11
4.29193e+02, 3, 1.93070e-11
4.29193e+02, 3, 2.68270e-11
4.29193e+02, 3, 3.72759e-11
4.29193e+02, 3, 5.17947e-11
4.29193e+02, 3, 7.19686e-11
4.29193e+02, 3, 1.00000e-10
4.29193e+02, 3, 1.38950e-10
4.29193e+02, 3, 1.93070e-10
4.29193e+02, 3, 2.68270e-10
4.29193e+02, 3, 3.72759e-10
4.29193e+02, 3, 5.17947e-10
4.29193e+02, 3, 7.19686e-10
4.29193e+02, 3, 1.00000e-09
4.29193e+02, 3, 1.38950e-09
4.29193e+02, 3, 1.93070e-09
4.29193e+02, 3, 2.68270e-09
4.29193e+02, 3, 3.72759e-09
4.29193e+02, 3, 5.17947e-09
4.29193e+02, 3, 7.19686e-09
4.29193e+02, 3, 1.00000e-08
4.29193e+02, 3, 1.38950e-08
4.29193e+02, 3, 1.93070e-08
4.29193e+02, 3, 2.68270e-08
4.29193e+02, 3, 3.72759e-08
4.29193e+02, 3, 5.17947e-08
4.29193e+02, 3, 7.19686e-08
4.29193e+02, 3, 1.00000e-07
4.29193e+02, 3, 1.38950e-07
4.29193e+02, 3, 1.93070e-07
4.29193e+02, 3, 2.68270e-07
4.29193e+02, 3, 3.72759e-07
4.29193e+02, 3, 5.17947e-07
4.29193e+02, 3, 7.19686e-07
4.29193e+02, 3, 1.00000e-06
4.29193e+02, 3, 1.38950e-06
4.29193e+02, 3, 1.93070e-06
4.29193e+02, 3, 2.68270e-06
4.29193e+02, 3, 3.72759e-06
4.29193e+02, 3, 5.17947e-06
4.29193e+02, 3, 7.19686e-06
4.29193e+02, 3, 1.00000e-05
4.29193e+02, 3, 1.38950e-05
4.29193e+02, 3, 1.93070e-05
4.29193e+02, 3, 2.68270e-05
4.29193e+02, 3, 3.72759e-05
4.29193e+02, 3, 5.17947e-05
4.29193e+02, 3, 7.19686e-05
4.29193e+02, 3, 1.00000e-04
5.68987e+02, 3, 1.00000e-11
5.68987e+02, 3, 1.38950e-11
5.68987e+02, 3, 1.93070e-11
5.68987e+02, 3, 2.68270e-11
5.68987e+02, 3, 3.72759e-11
5.68987e+02, 3, 5.17947e-11
5.68987e+02, 3, 7.19686e-11
5.68987e+02, 3, 1.00000e-10
5.68987e+02, 3, 1.38950e-10
5.68987e+02, 3, 1.93070e-10
5.68987e+02, 3, 2.68270e-10
5.68987e+02, 3, 3.72759e-10
5.68987e+02, 3, 5.17947e-10
5.68987e+02, 3, 7.19686e-10
5.68987e+02, 3, 1.00000e-09
5.68987e+02, 3, 1.38950e-09
5.68987e+02, 3, 1.93070e-09
5.68987e+02, 3, 2.68270e-09
5.68987e+02, 3, 3.72759e-09
5.68987e+02, 3, 5.17947e-09
5.68987e+02, 3, 7.19686e-09
5.68987e+02, 3, 1.00000e-08
5.68987e+02, 3, 1.38950e-08
5.68987e+02, 3, 1.93070e-08
5.68987e+02, 3, 2.68270e-08
5.68987e+02, 3, 3.72759e-08
5.68987e+02, 3, 5.17947e-08
5.68987e+02, 3, 7.19686e-08
5.68987e+02, 3, 1.00000e-07
5.68987e+02, 3, 1.38950e-07
5.68987e+02, 3, 1.93070e-07
5.68987e+02, 3, 2.68270e-07
5.68987e+02, 3, 3.72759e-07
5.68987e+02, 3, 5.17947e-07
5.68987e+02, 3, 7.19686e-07
5.68987e+02, 3, 1.00000e-06
5.68987e+02, 3, 1.38950e-06
5.68987e+02, 3, 1.93070e-06
5.68987e+02, 3, 2.68270e-06
5.68987e+02, 3, 3.72759e-06
5.68987e+02, 3, 5.17947e-06
5.68987e+02, 3, 7.19686e-06
5.68987e+02, 3, 1.00000e-05
5.68987e+02, 3, 1.38950e-05
5.68987e+02, 3, 1.93070e-05
5.68987e+02, 3, 2.68270e-05
5.68987e+02, 3, 3.72759e-05
5.68987e+02, 3, 5.17947e-05
5.68987e+02, 3, 7.19686e-05
5.68987e+02, 3, 1.00000e-04
7.54312e+02, 3, 1.00000e-11
7.54312e+02, 3, 1.38950e-11
7.54312e+02, 3, 1.93070e-11
7.54312e+02, 3, 2.68270e-11
7.54312e+02, 3, 3.72759e-11
7.54312e+02, 3, 5.17947e-11
7.54312e+02, 3, 7.19686e-11
7.54312e+02, 3, 1.00000e-10
7.54312e+02, 3, 1.38950e-10
7.54312e+02, 3, 1.93070e-10
7.54312e+02, 3, 2.68270e-10
7.54312e+02, 3, 3.72759e-10
7.54312e+02, 3, 5.17947e-10
7.54312e+02, 3, 7.19686e-10
7.54312e+02, 3, 1.00000e-09
7.54312e+02, 3, 1.38950e-09
7.54312e+02, 3, 1.93070e-09
7.54312e+02, 3, 2.68270e-09
7.54312e+02, 3, 3.72759e-09
7.54312e+02, 3, 5.17947e-09
7.54312e+02, 3, 7.19686e-09
7.54312e+02, 3, 1.00000e-08
7.54312e+02, 3, 1.38950e-08
7.54312e+02, 3, 1.93070e-08
7.54312e+02, 3, 2.68270e-08
7.54312e+02, 3, 3.72759e-08
7.54312e+02, 3, 5.17947e-08
7.54312e+02, 3, 7.19686e-08
7.54312e+02, 3, 1.00000e-07
7.54312e+02, 3, 1.38950e-07
7.54312e+02, 3, 1.93070e-07
7.54312e+02, 3, 2.68270e-07
7.54312e+02, 3, 3.72759e-07
7.54312e+02, 3, 5.17947e-07
7.54312e+02, 3, 7.19686e-07
7.54312e+02, 3, 1.00000e-06
7.54312e+02, 3, 1.38950e-06
7.54312e+02, 3, 1.93070e-06
7.54312e+02, 3, 2.68270e-06
7.54312e+02, 3, 3.72759e-06
7.54312e+02, 3, 5.17947e-06
7.54312e+02, 3, 7.19686e-06
7.54312e+02, 3, 1.00000e-05
7.54312e+02, 3, 1.38950e-05
7.54312e+02, 3, 1.93070e-05
7.54312e+02, 3, 2.68270e-05
7.54312e+02, 3, 3.72759e-05
7.54312e+02, 3, 5.17947e-05
7.54312e+02, 3, 7.19686e-05
7.54312e+02, 3, 1.00000e-04
1.00000e+03, 3, 1.00000e-11
1.00000e+03, 3, 1.38950e-11
1.00000e+03, 3, 1.93070e-11
1.00000e+03, 3, 2.68270e-11
1.00000e+03, 3, 3.72759e-11
1.00000e+03, 3, 5.17947e-11
1.00000e+03, 3, 7.19686e-11
1.00000e+03, 3, 1.00000e-10
1.00000e+03, 3, 1.38950e-10
1.00000e+03, 3, 1.93070e-10
1.00000e+03, 3, 2.68270e-10
1.00000e+03, 3, 3.72759e-10
1.00000e+03, 3, 5.17947e-10
1.00000e+03, 3, 7.19686e-10
1.00000e+03, 3, 1.00000e-09
1.00000e+03, 3, 1.38950e-09
1.00000e+03, 3, 1.93070e-09
1.00000e+03, 3, 2.68270e-09
1.00000e+03, 3, 3.72759e-09
1.00000e+03, 3, 5.17947e-09
1.00000e+03, 3, 7.19686e-09
1.00000e+03, 3, 1.00000e-08
1.00000e+03, 3, 1.38950e-08
1.00000e+03, 3, 1.93070e-08
1.00000e+03, 3, 2.68270e-08
1.00000e+03, 3, 3.72759e-08
1.00000e+03, 3, 5.17947e-08
1.00000e+03, 3, 7.19686e-08
1.00000e+03, 3, 1.00000e-07
1.00000e+03, 3, 1.38950e-07
1.00000e+03, 3, 1.93070e-07
1.00000e+03, 3, 2.68270e-07
1.00000e+03, 3, 3.72759e-07
1.00000e+03, 3, 5.17947e-07
1.00000e+03, 3, 7.19686e-07
1.00000e+03, 3, 1.00000e-06
1.00000e+03, 3, 1.38950e-06
1.00000e+03, 3, 1.93070e-06
1.00000e+03, 3, 2.68270e-06
1.00000e+03, 3, 3.72759e-06
1.00000e+03, 3, 5.17947e-06
1.00000e+03, 3, 7.19686e-06
1.00000e+03, 3, 1.00000e-05
1.00000e+03, 3, 1.38950e-05
1.00000e+03, 3, 1.93070e-05
1.00000e+03, 3, 2.68270e-05
1.00000e+03, 3, 3.72759e-05
1.00000e+03, 3, 5.17947e-05
1.00000e+03, 3, 7.19686e-05
1.00000e+03, 3, 1.00000e-04
