1.000e+02
1.000e+05
1.207e+02
1.207e+05
1.456e+02
1.456e+05
1.758e+02
1.758e+05
2.121e+02
2.121e+05
2.560e+02
2.560e+05
3.089e+02
3.089e+05
3.728e+02
3.728e+05
4.498e+02
4.498e+05
5.429e+02
5.429e+05
6.551e+02
6.551e+05
7.906e+02
7.906e+05
9.541e+02
9.541e+05
1.151e+03
1.151e+06
1.389e+03
1.389e+06
1.677e+03
1.677e+06
2.024e+03
2.024e+06
2.442e+03
2.442e+06
2.947e+03
2.947e+06
3.556e+03
3.556e+06
4.292e+03
4.292e+06
5.179e+03
5.179e+06
6.251e+03
6.251e+06
7.543e+03
7.543e+06
9.103e+03
9.103e+06
1.099e+04
1.099e+07
1.326e+04
1.326e+07
1.600e+04
1.600e+07
1.931e+04
1.931e+07
2.330e+04
2.330e+07
2.812e+04
2.812e+07
3.393e+04
3.393e+07
4.095e+04
4.095e+07
4.942e+04
4.942e+07
5.964e+04
5.964e+07
7.197e+04
7.197e+07
8.685e+04
8.685e+07
1.048e+05
1.048e+08
1.265e+05
1.265e+08
1.526e+05
1.526e+08
1.842e+05
1.842e+08
2.223e+05
2.223e+08
2.683e+05
2.683e+08
3.237e+05
3.237e+08
3.907e+05
3.907e+08
4.715e+05
4.715e+08
5.690e+05
5.690e+08
6.866e+05
6.866e+08
8.286e+05
8.286e+08
1.000e+06
1.000e+09
