1.000e-01
1.151e-01
1.326e-01
1.526e-01
1.758e-01
2.024e-01
2.330e-01
2.683e-01
3.089e-01
3.556e-01
4.095e-01
4.715e-01
5.429e-01
6.251e-01
7.197e-01
8.286e-01
9.541e-01
1.099e+00
1.265e+00
1.456e+00
1.677e+00
1.931e+00
2.223e+00
2.560e+00
2.947e+00
3.393e+00
3.907e+00
4.498e+00
5.179e+00
5.964e+00
6.866e+00
7.906e+00
9.103e+00
1.048e+01
1.207e+01
1.389e+01
1.600e+01
1.842e+01
2.121e+01
2.442e+01
2.812e+01
3.237e+01
3.728e+01
4.292e+01
4.942e+01
5.690e+01
6.551e+01
7.543e+01
8.685e+01
1.000e+02
1.048e+02
1.099e+02
1.151e+02
1.207e+02
1.265e+02
1.326e+02
1.389e+02
1.456e+02
1.526e+02
1.600e+02
1.677e+02
1.758e+02
1.842e+02
1.931e+02
2.024e+02
2.121e+02
2.223e+02
2.330e+02
2.442e+02
2.560e+02
2.683e+02
2.812e+02
2.947e+02
3.089e+02
3.237e+02
3.393e+02
3.556e+02
3.728e+02
3.907e+02
4.095e+02
4.292e+02
4.498e+02
4.715e+02
4.942e+02
5.179e+02
5.429e+02
5.690e+02
5.964e+02
6.251e+02
6.551e+02
6.866e+02
7.197e+02
7.543e+02
7.906e+02
8.286e+02
8.685e+02
9.103e+02
9.541e+02
1.000e+03
