1.000e-01
1.035e-01
1.072e-01
1.110e-01
1.149e-01
1.190e-01
1.232e-01
1.275e-01
1.320e-01
1.367e-01
1.415e-01
1.465e-01
1.517e-01
1.570e-01
1.626e-01
1.683e-01
1.743e-01
1.804e-01
1.868e-01
1.934e-01
2.002e-01
2.073e-01
2.146e-01
2.222e-01
2.300e-01
2.382e-01
2.466e-01
2.553e-01
2.643e-01
2.736e-01
2.833e-01
2.933e-01
3.037e-01
3.144e-01
3.255e-01
3.370e-01
3.489e-01
3.612e-01
3.740e-01
3.872e-01
4.009e-01
4.150e-01
4.297e-01
4.449e-01
4.606e-01
4.769e-01
4.937e-01
5.111e-01
5.292e-01
5.479e-01
5.672e-01
5.873e-01
6.080e-01
6.295e-01
6.517e-01
6.748e-01
6.986e-01
7.233e-01
7.488e-01
7.753e-01
8.026e-01
8.310e-01
8.603e-01
8.907e-01
9.222e-01
9.548e-01
9.885e-01
1.023e+00
1.060e+00
1.097e+00
1.136e+00
1.176e+00
1.217e+00
1.260e+00
1.305e+00
1.351e+00
1.399e+00
1.448e+00
1.499e+00
1.552e+00
1.607e+00
1.664e+00
1.723e+00
1.783e+00
1.846e+00
1.912e+00
1.979e+00
2.049e+00
2.121e+00
2.196e+00
2.274e+00
2.354e+00
2.437e+00
2.524e+00
2.613e+00
2.705e+00
2.801e+00
2.899e+00
3.002e+00
3.108e+00
3.218e+00
3.331e+00
3.449e+00
3.571e+00
3.697e+00
3.827e+00
3.963e+00
4.103e+00
4.248e+00
4.398e+00
4.553e+00
4.714e+00
4.880e+00
5.053e+00
5.231e+00
5.416e+00
5.607e+00
5.805e+00
6.010e+00
6.223e+00
6.442e+00
6.670e+00
6.906e+00
7.149e+00
7.402e+00
7.663e+00
7.934e+00
8.214e+00
8.504e+00
8.805e+00
9.116e+00
9.438e+00
9.771e+00
1.012e+01
1.047e+01
1.084e+01
1.123e+01
1.162e+01
1.203e+01
1.246e+01
1.290e+01
1.335e+01
1.383e+01
1.431e+01
1.482e+01
1.534e+01
1.589e+01
1.645e+01
1.703e+01
1.763e+01
1.825e+01
1.890e+01
1.956e+01
2.026e+01
2.097e+01
2.171e+01
2.248e+01
2.327e+01
2.409e+01
2.495e+01
2.583e+01
2.674e+01
2.768e+01
2.866e+01
2.967e+01
3.072e+01
3.181e+01
3.293e+01
3.409e+01
3.530e+01
3.654e+01
3.783e+01
3.917e+01
4.055e+01
4.199e+01
4.347e+01
4.501e+01
4.660e+01
4.824e+01
4.995e+01
5.171e+01
5.354e+01
5.543e+01
5.738e+01
5.941e+01
6.151e+01
6.368e+01
6.593e+01
6.826e+01
7.067e+01
7.317e+01
7.575e+01
7.843e+01
8.120e+01
8.407e+01
8.704e+01
9.011e+01
9.329e+01
9.659e+01
1.000e+02
